inside membrane outside
0.026994245216408197 0.0 0.9730057547835917
0.024212016467929046 4.77170175877542e-10 0.9757879830549007
0.0240388039936195 1.787270835646039e-11 0.9759611959885078
0.02477533846049643 1.8019109955383974e-09 0.9752246597375926
0.03560711479814761 2.385320359257365e-09 0.964392882816532
0.0242120147622301 2.5475664020683087e-08 0.975787959762106
0.015450350038469604 2.7381073342969932e-08 0.9845496225804571
0.024038797963773586 1.6252355109318375e-09 0.9759612004109909
0.025593312457877465 4.4070034975368485e-08 0.9744066434720876
0.03560710706187217 6.166805169435853e-09 0.9643928867713226
0.027346996022780675 1.2488570108419748e-08 0.9726529914886491
0.027346995860059304 8.237626350786047e-10 0.972653003316178
0.027346995616123734 8.459855561841526e-10 0.9726530035378906
0.02734699563233497 9.250951004519494e-10 0.9726530034425699
0.027346993241603022 1.4074098443843735e-07 0.9726528660174125
0.027346996223319146 3.118369987917645e-08 0.972652972592981
0.02734699299286425 1.4917735805470206e-07 0.9726528578297777
0.027346995603279207 5.375601373855487e-08 0.972652950640707
0.027346993229259074 1.407652360227388e-07 0.9726528660055049
0.02734699706128961 3.456877005222768e-09 0.9726529994818334
0.02734699672581103 1.44355177713945e-08 0.9726529888386712
0.027346992630904208 1.641088014489159e-07 0.9726528432602942
0.027346996200642647 5.095516247255195e-08 0.972652952844195
0.027346993765523554 1.5479504461923752e-07 0.9726528514394318
0.027346998152702594 5.085636399378783e-08 0.9726529509909334
0.027346997220110417 1.368114008459165e-07 0.9726528659684888
0.027347013057680076 4.837144880452906e-09 0.972652982105175
0.027347006164709222 2.2834898492552454e-08 0.9726529710003923
0.027347003334038462 2.547474073672481e-08 0.9726529711912207
0.02734703802138471 7.796620786834713e-11 0.9726529619006492
0.027347102640136883 2.1032631346587055e-11 0.9726528973388304
0.027347102916076758 7.605882517094427e-12 0.9726528970763174
0.027347059447272403 1.2807653963322967e-11 0.97265294053992
0.027347039786974826 3.716460190125132e-13 0.9726529602126535
0.027347040186254955 3.544734012835583e-13 0.9726529598133905
0.027347041133663284 5.124860625366324e-11 0.9726529588150882
0.027347030030500295 1.9109361441448547e-12 0.9726529699675889
0.02734703964170309 5.333176792691576e-11 0.9726529603049652
0.02734707884960394 2.9049508210209518e-11 0.9726529211213466
0.0273470012415909 6.13038424010416e-11 0.9726529986971053
0.02734694364793526 4.655894787282007e-12 0.9726530563474088
0.027345963084566768 7.161236157403842e-11 0.972654036843821
0.0273524268012716 1.603532503023762e-11 0.9726475731826931
0.027344920109731254 8.482108386748857e-10 0.972655079042058
0.027344888944816452 1.4532274211395623e-09 0.9726551096019561
0.027354658678838666 1.9637606355620393e-10 0.9726453411247852
0.027354835200680352 9.760818004888986e-10 0.9726451638232378
0.027347278230469563 6.793423467024672e-07 0.9726520424271838
0.027343819973536156 7.491516840602171e-07 0.9726554308747798
0.027344428971863545 1.7645136068384077e-08 0.9726555533830005
0.02734394525876065 3.9855588286506225e-08 0.9726560148856511
0.02734111791414386 1.9468509373497097e-05 0.9726394135764826
0.027339983128377703 6.807171610695161e-06 0.9726532097000116
0.02733306167114628 0.00014344301754167847 0.9725234953113121
0.027342714860629308 1.245767597969923e-05 0.972644827463391
0.02733369470529178 0.00013956439995410096 0.9725267408947541
0.02734109689952855 2.260461803340901e-05 0.9726362984824379
0.02733832101332133 5.5171643770663227e-05 0.972606507342908
0.027336112797107705 0.00013139029148846653 0.9725324969114038
0.027341032060647526 1.1634888647871191e-05 0.9726473330507046
0.02732470703319899 0.00063387110970995 0.972041421857091
0.027324146995935134 0.0007085555076039828 0.9719672974964609
0.02733048605142684 0.0004712762884011325 0.972198237660172
0.027313027180496188 0.001107332015797612 0.9715796408037062
0.02732367402885336 0.0007187668146711734 0.9719575591564754
0.027334401863864696 0.00032471983994766503 0.9723408782961878
0.027334323834727878 0.0003275308380596313 0.9723381453272125
0.027338814619910265 0.00016405283541131704 0.9724971325446784
0.027334367094947503 0.00032844192106454143 0.9723371909839879
0.027339308141079273 0.00016278512555149607 0.9724979067333691
0.02733558144354234 0.00032354615821718715 0.9723408723982405
0.027353975341556775 1.8561778595868978e-05 0.9726274628798474
0.02734387144664635 0.00024861369317705873 0.9724075148601766
0.02734485588340623 0.000238892062623927 0.9724162520539699
0.02732625700743498 0.0008353655248499842 0.9718383774677151
0.02732878998043978 0.0008413818200143521 0.971829828199546
0.02739805021949793 0.0001267142823950368 0.972475235498107
0.02740891907099857 0.00012690160380400583 0.9724641793251975
0.027391820445986308 0.0006291764268066832 0.971979003127207
0.027487403828145567 6.800480306163387e-05 0.9724445913687928
0.027675521353479286 1.3652454929610105e-06 0.9723231134010278
0.028053807171864925 5.118949444817566e-07 0.9719456809331906
0.027691412140016237 9.890701820554794e-07 0.9723075987898018
0.02768574693034408 2.717312470365498e-07 0.9723139813384089
0.0276497357663196 1.6382036513247019e-06 0.972348626030029
0.027926799125859166 1.738001411282598e-08 0.9720731834941269
0.027681105452138734 9.559075642075969e-08 0.9723187989571049
0.02768015278346622 9.175522970220266e-08 0.972319755461304
0.02760217127169832 1.0951739906620422e-08 0.9723978177765618
0.027624582912341083 7.124748858465525e-07 0.972374704612773
0.02765066210795153 1.4106040570717633e-07 0.9723491968316429
0.027652906859052515 9.307084644841563e-07 0.972346162432483
0.027652638496792895 1.406364392059073e-07 0.972347220866768
0.027652791934729425 2.777527759270391e-07 0.9723469303124946
0.027652853016698852 1.397751439094403e-07 0.9723470072081573
0.02765288345063738 6.951795767486648e-07 0.9723464213697858
0.02765287164351772 1.9681125313489626e-08 0.972347108675357
0.027655153844940966 6.116646703452057e-07 0.9723442344903886
0.027652367519663306 8.868532057197663e-07 0.972346745627131
0.027295964258619146 6.109336204099337e-07 0.9727034248077604
0.02691662986269037 2.192956480921527e-07 0.9730831508416614
0.026355428171935518 5.080438379030941e-09 0.9736445667476261
0.04543525175111463 2.258682169050125e-09 0.9545647459902031
0.020892718114462232 4.1866168195173596e-08 0.9791072400193694
0.030056444983494364 1.0734638184510936e-08 0.9699435442818674
0.030532910438585022 2.794429628516154e-08 0.9694670616171188
0.0475238726111327 8.619035663410462e-09 0.9524761187698316
0.05621093885649799 1.6426525357005046e-06 0.9437874184909663
0.0474584910390539 5.291050588686838e-06 0.9525362179103575
0.021487120091193197 0.004197279697820136 0.9743156002109867
0.05104720745688858 0.0006130662699500057 0.9483397262731613
0.02365553402274429 0.002804382300270491 0.9735400836769852
0.007128950588460493 0.023341754253587862 0.9695292951579516
0.005565970042227437 0.05688394865643667 0.9375500813013359
0.0047683964976343255 0.05882021899083662 0.936411384511529
0.0047143368341766995 0.05890605331538607 0.9363796098504373
0.005019042018994625 0.002339814503008259 0.992641143477997
0.0049049602559783495 0.018405287966475177 0.9766897517775465
0.00497093208153207 0.0009796412029256575 0.9940494267155423
0.004557795147320279 0.0790353514248712 0.9164068534278085
0.004596806977568102 0.07032259502925886 0.925080597993173
0.004666391276901585 0.05622949613585163 0.9391041125872467
0.00490990193465884 0.006977450480047737 0.9881126475852934
0.004832128039295106 0.02270565040814284 0.9724622215525621
0.004668199958949509 0.05585862208489099 0.9394731779561595
0.004849081230193949 0.019275475517350964 0.975875443252455
0.004681105641714606 0.0532440629156533 0.942074831442632
0.004755838855855615 0.03797373122416689 0.9572704299199776
0.004935656607933914 0.0015245793285530245 0.9935397640635131
0.004852866172640553 0.01809729018585106 0.9770498436415084
0.004713562196277677 0.04409515379088211 0.9511912840128401
0.004703594351908697 0.041132102846586374 0.954164302801505
0.004665061724674006 0.04089935290022568 0.9544355853751003
0.004892354926736478 0.0030033235427145656 0.992104321530549
0.004838239638096441 0.011828995806164385 0.9833327645557391
0.0048873119092866565 4.193758589400889e-05 0.9950707505048193
0.00481452198114461 0.000423028951847893 0.9947624490670074
0.00487003387835581 3.442659348721149e-06 0.9951265234622956
0.004818477413438319 1.9289578023841313e-05 0.9951622330085379
0.004860613939533841 1.593495101145193e-06 0.9951377925653649
0.004860537587610819 9.664803350622873e-07 0.9951384959320542
0.004883094881452221 1.5813851754076635e-06 0.9951153237333724
0.004871510914072175 2.4372953220053417e-07 0.9951282453563957
0.0048760576251526255 1.765521295019824e-08 0.9951239247196344
0.0048744873063347035 9.603325191465835e-11 0.9951255125976319
0.004868061800696925 3.883602200128559e-09 0.9951319343157008
0.004866050727743477 3.803665067709341e-11 0.9951339492342198
0.004868311965708037 4.727962223851044e-11 0.9951316879870122
0.004866602563536846 8.827679182408342e-11 0.9951333973481864
0.004866874205662178 4.988967104358326e-10 0.9951331252954412
0.004866976485241667 4.6375107381965234e-08 0.995132977139651
0.004867004739597882 4.780538132063347e-08 0.9951329474550208
0.004867032025344856 8.912706643540719e-09 0.9951329590619485
0.004867030365897972 1.0784220448090894e-08 0.9951329588498816
0.004867030253361624 5.546794881946013e-08 0.9951329142786897
0.004867030247220988 5.415471704207436e-08 0.9951329155980619
0.004867030903114675 1.7728795463781677e-08 0.9951329513680899
0.004867031343806408 1.7896290535807602e-08 0.9951329507599032
0.004867028648039002 5.4643191225484425e-08 0.9951329167087698
0.0048670275792815935 1.2340699248175782e-09 0.9951329711866485
0.004867028201279179 5.994835690094675e-08 0.995132911850364
0.004867031960611545 6.3665409898558235e-09 0.9951329616728475
0.00486702533811352 1.599873612417552e-08 0.9951329586631504
0.004867029647605296 1.6842858952020028e-07 0.9951328019238052
0.004867050518533401 8.382438266680471e-09 0.9951329410990283
0.004867028950810104 3.540816334773838e-09 0.9951329675083737
0.004867025734834941 3.670176491146061e-09 0.9951329705949885
0.004867028901203481 5.3540052508317526e-08 0.9951329175587439
0.004867024076522526 2.3351064126200608e-07 0.9951327424128363
0.004867023187853511 3.2312940094161047e-08 0.9951329444992064
0.004867022221542626 3.286584526730729e-08 0.9951329449126121
0.004867020457275317 2.3165187663009787e-07 0.995132747890848
0.004867019855689781 3.45891202622352e-08 0.99513294555519
0.0048670224950575006 5.6356723223838985e-08 0.9951329211482193
0.004867039087355849 1.0392463351403305e-07 0.9951328569880106
0.0048669964793502515 3.497465374135759e-08 0.9951329685459961
0.004867067596153955 5.3334353348858344e-08 0.9951328790694927
0.0048670639621346806 2.7835908647097837e-08 0.9951329082019568
0.004866922230972093 1.8310984162510604e-07 0.9951328946591863
0.004866926383468099 3.490764914679262e-08 0.9951330387088827
0.004866888670634055 5.626801255488885e-08 0.9951330550613533
0.004866891740105882 5.242900666605195e-08 0.9951330558308874
0.0048668671814277205 1.515896523871885e-09 0.9951331313026758
0.004867117406962015 5.451198207336361e-09 0.9951328771418397
0.0048676222768211114 1.8204697185521612e-08 0.9951323595184818
0.004867501191955233 3.245038935885729e-08 0.9951324663576553
0.004866678046692088 9.736796622765198e-07 0.9951323482736457
0.004866653982784499 2.356651992374242e-07 0.9951331103520163
0.00486662646053706 1.263313383451375e-06 0.9951321102260794
0.004866637700931016 5.853182597545623e-07 0.9951327769808093
0.0048666350746360675 1.511586417086087e-06 0.9951318533389468
0.00486664772418843 4.9471727308816775e-08 0.9951333028040843
0.004866616478681286 1.2856015714223494e-06 0.9951320979197474
0.004866615103618258 1.2877654707044172e-06 0.995132097130911
0.004866620252448112 2.494444041671275e-07 0.9951331303031478
0.004866635198379224 2.640961727229999e-08 0.9951333383920035
0.004866617565782311 1.541904372063633e-07 0.9951332282437805
0.004866618251878595 2.5192254862269106e-07 0.9951331298255729
0.00486662027396435 1.1082486942918813e-06 0.9951322714773413
0.004866609054031694 1.3267485215828223e-06 0.9951320641974468
0.00486660711057357 1.8268198243601795e-06 0.995131566069602
0.004866611291631832 1.2437006156752153e-06 0.9951321450077525
0.00486663760305395 2.3801066784339943e-08 0.9951333385958793
0.004866628808840316 2.3420957193554584e-08 0.9951333477702025
0.004866594891073025 1.3851275752866255e-07 0.9951332665961695
0.004866670549609995 2.8266798479935756e-07 0.9951330467824051
0.004866712755417009 2.565680421851667e-07 0.9951330306765408
0.004866265775199111 2.562291084657219e-07 0.9951334779956924
0.004866273068404818 5.490234855458711e-07 0.9951331779081097
0.004865479442710617 5.547686631737966e-09 0.9951345150096027
0.00486744132675253 7.819126907605828e-08 0.9951324804819784
0.004865304049461405 4.552973273234545e-08 0.9951346504208058
0.004865237744889513 4.8162424739371044e-08 0.9951347140926857
0.004864707218197581 5.361123367813327e-08 0.9951352391705687
0.004864466805366797 8.169514957194881e-07 0.9951347162431374
0.004874905983680813 2.5449916366985027e-08 0.9951250685664029
0.004864154992944887 2.695553667419676e-06 0.9951331494533877
0.004863545636068795 1.0306842760976639e-05 0.9951261475211701
0.004866001130345666 1.334885095102108e-06 0.9951326639845592
0.004860504669207894 2.2393016179578267e-05 0.9951171023146125
0.004859800037267589 2.7032161380704168e-05 0.9951131678013517
0.004865439964298068 2.231569617699298e-06 0.9951323284660843
0.0048634068857702755 8.109059468696492e-07 0.9951357822082828
0.004857668759594531 4.096363151415895e-05 0.9951013676088913
0.004857517838158859 2.3746321028646997e-05 0.9951187358408125
0.004857405287960552 8.851749095680353e-06 0.9951337429629438
0.004857331766185936 5.54793682040284e-06 0.9951371202969936
0.004857355443642018 1.0382230736056978e-06 0.9951416063332843
0.004856985757351 6.132031847416124e-05 0.9950816939241748
0.0048571497819347555 1.871555859129287e-05 0.9951241346594739
0.004856911892277522 6.939018100560316e-05 0.9950736979267168
0.0048572099098232865 1.59284397892328e-05 0.9951268616503874
0.004856919864770118 6.654371867119043e-05 0.9950765364165586
0.004856897592693671 6.411339282606143e-05 0.9950789890144803
0.004855878620183145 4.788042187390921e-05 0.995096240957943
0.00485588294213602 9.459301155128682e-06 0.9951346577567088
0.0048574168424783196 5.874852712190261e-05 0.9950838346303998
0.004859685746740471 5.448842140316617e-06 0.9951348654111193
0.0048639986626213385 2.047471134866834e-06 0.9951339538662438
0.004857132142176102 2.6249903211792857e-06 0.9951402428675028
0.004884593012068958 7.773223056546175e-07 0.9951146296656252
0.004859643092518056 2.3436419716325746e-06 0.9951380132655102
0.004855504838106901 2.309189649010228e-07 0.9951442642429282
0.004860438020141789 2.948873635352093e-05 0.9951100732435048
0.004862796160586176 8.893897310663157e-06 0.9951283099421031
0.004853243996411285 3.5725509356711426e-05 0.995111030494232
0.00484529904125189 3.9236168172211164e-05 0.9951154647905759
0.004859374563370325 5.385580992833764e-05 0.9950867696267014
0.004837527491093484 7.010270687935926e-07 0.9951617714818378
0.0049788209632841765 8.668260906218898e-07 0.9950203122106253
0.004855547477659537 5.9894864993650166e-05 0.9950845576573467
0.004840028554953861 2.1919505566409766e-05 0.9951380519394797
0.0048222334682777495 7.102675296314846e-05 0.9951067397787591
0.0048203896428375675 0.00010950561079403986 0.9950701047463685
0.004862860037841614 4.6452820136080605e-05 0.9950906871420222
0.005000511122023099 1.0702087494129143e-05 0.9949887867904829
0.00478698755808471 0.00016564430609756516 0.9950473681358176
0.004768870768187347 0.0002273874680660259 0.9950037417637466
0.00481630545761151 5.3483707949873166e-05 0.9951302108344386
0.0047285224790523574 0.0008250533851378928 0.9944464241358097
0.004727381523617903 0.0008363029529718691 0.9944363155234102
0.0047280947731537445 0.0007094499391016081 0.9945624552877447
0.004725577686106563 0.0012472058737726993 0.9940272164401207
0.004730755215675671 0.0003579846065116159 0.9949112601778128
0.004731954203191545 0.00018273770420429956 0.9950853080926041
0.004728453812856684 0.0009378939966004626 0.9943336521905429
0.004728348275377695 0.0013386792975179573 0.9939329724271043
0.004736046762452658 1.5426170281672553e-05 0.9952485270672656
0.004735346232214937 0.00017838666930166086 0.9950862670984835
0.00473396576213618 0.00035424724743941203 0.9949117869904244
0.004735470599631931 0.00017867952711564538 0.9950858498732524
0.004736421497480611 0.0008056370548341673 0.9944579414476853
0.004732325402615301 0.0012775882487882243 0.9939900863485965
0.004739030833075048 0.0004399127617241414 0.9948210564052008
0.004751824720357873 0.0001656974900239222 0.9950824777896182
0.00476106117337814 0.0006866895379657096 0.994552249288656
0.005172794558794937 1.783904852756899e-05 0.9948093663926776
0.004913654977084567 3.5597133435083824e-07 0.9950859890515812
0.004874294109665954 1.3540581179323952e-07 0.9951255704845222
0.004991923596304037 2.0971682709967146e-07 0.9950078666868688
0.004895247707452841 3.528770347492008e-07 0.9951043994155124
0.0048747005923131265 2.0667186454266305e-09 0.9951252973409682
0.0049920590083752285 3.171580962903334e-10 0.9950079406744666
0.00499657814407965 4.656487395834048e-10 0.9950034213902716
0.004882893014304033 3.936305927686738e-11 0.9951171069463329
0.005205405983163305 2.206238242555665e-09 0.9947945918105984
0.005007924956561742 1.3667951088196895e-10 0.9949920749067587
0.004966686264606706 1.2784030943450104e-09 0.9950333124569902
0.004966922784196297 1.4481867874882103e-09 0.9950330757676169
0.0049670673460201 1.1996558056486159e-09 0.9950329314543241
0.004967043735615944 1.2067463291503457e-08 0.9950329441969208
0.0049670406424478074 8.376799127407081e-09 0.9950329509807532
0.004967041534192154 1.980200293995966e-10 0.9950329582677879
0.004967041572655177 5.5266038815222376e-09 0.995032952900741
0.004967041528053918 1.2722236715023429e-08 0.9950329457497094
0.004967041564264509 7.259633397636281e-09 0.9950329511761021
0.004967041597525948 1.9125022123019586e-10 0.9950329582112238
0.0049670415557039405 8.662027553948614e-09 0.9950329497822685
0.0049670416097097264 1.7024996698295702e-09 0.9950329566877907
0.004967041578781182 7.921959318826335e-09 0.9950329504992595
0.004967042366761675 1.3756384787177003e-10 0.9950329574956746
0.00496704173785285 1.3771744081969066e-10 0.9950329581244297
0.004967041964807933 1.535913959680568e-09 0.995032956499278
0.004967041747833378 9.875760851160055e-10 0.9950329572645905
0.0049670417928235275 8.408510781645644e-10 0.9950329573663255
0.004967043759189977 2.3057393985638937e-11 0.9950329562177527
0.004967042035319214 1.4444658071342153e-11 0.9950329579502362
0.004967044291802588 3.239551659605886e-10 0.9950329553842423
0.0049670420968269255 6.038828706701025e-12 0.9950329578971342
0.0049670427942579455 4.683277524234798e-11 0.9950329571589093
0.0049670423679656385 1.376179244298616e-09 0.9950329562558552
0.0049670424882923125 2.68604216411805e-10 0.9950329572431034
0.004967042172209506 2.431941506036568e-10 0.9950329575845964
0.004967043532170852 1.0818708049873826e-10 0.9950329563596421
0.004967043410870021 1.0096977940826573e-10 0.9950329564881601
0.004967042333275389 1.7490499278669398e-09 0.9950329559176746
0.004967042310219715 2.0663414744676787e-11 0.9950329576691168
0.004967042352379004 1.1129042860956797e-10 0.9950329575363307
0.004967042316642007 1.2875904547186196e-09 0.9950329563957676
0.004967042318148455 1.2600125367951512e-09 0.995032956421839
0.004967042319706554 2.5930516676205683e-11 0.9950329576543628
0.004967042325482735 2.5044384251832285e-10 0.9950329574240735
0.004967042324114672 9.236120637363849e-10 0.9950329567522733
0.004967042334446728 2.783658143941299e-11 0.9950329576377167
0.00496704232540735 6.942471645809004e-10 0.9950329569803454
0.004967042344247959 1.0723253082203794e-09 0.9950329565834267
0.004967042344451888 1.9444512133314227e-10 0.995032957461103
0.004967042391627561 7.815409564190185e-11 0.9950329575302185
0.004967042440400606 1.3546547737815378e-10 0.9950329574241339
0.004967042385458262 4.752588905699544e-12 0.9950329576097892
0.004967042387685569 1.6119291008326702e-12 0.9950329576107025
0.004967042456207356 5.2567480679735004e-12 0.9950329575385359
0.004967042566276155 8.54948891348851e-13 0.9950329574328688
0.004967042386202585 1.424183828781539e-12 0.9950329576123732
0.004967042575609781 8.327397948598034e-11 0.9950329573411163
0.004967042395542083 1.185788086406055e-10 0.995032957485879
0.004967042401035802 2.2910166927262446e-11 0.9950329575760541
0.004967042403226752 2.1579264228670542e-11 0.9950329575751939
0.0049670424325228 1.3954107196738317e-11 0.9950329575535231
0.004967042385629121 2.0581326668795002e-12 0.9950329576123127
0.0049670423495897535 9.471424055014652e-11 0.9950329575556961
0.004967042810356114 1.8907534724826957e-12 0.9950329571877532
0.004967042816150416 1.8669176934694763e-12 0.9950329571819827
0.0049670423112520784 1.0366755587793839e-10 0.9950329575850805
0.004967042496997793 1.3757735675912808e-10 0.995032957365425
0.004967040350816586 2.2397132264178843e-12 0.9950329596469437
0.004967084640630966 2.5105605587583657e-12 0.9950329153568586
0.004967059474754562 2.3336886904175643e-11 0.9950329405019086
0.004967027808204172 3.9427627699845327e-10 0.9950329717975196
0.0049703574037104166 1.1553161070491315e-11 0.9950296425847364
0.0049661478807098295 1.2973627357628421e-09 0.9950338508219274
0.004967124393639153 2.2157209012813116e-09 0.9950328733906401
0.004966160308281926 2.7499516339744934e-11 0.9950338396642185
0.004970626508975141 5.2321299708303236e-11 0.9950293734387037
0.004965819597891046 6.046222711660137e-09 0.9950341743558863
0.004970617884689381 6.818986271139448e-10 0.995029381433412
0.004965444900032966 5.958347528147519e-09 0.9950345491416195
0.004966041411554122 2.0859622332279208e-08 0.9950339377288235
0.004968866225579405 4.856819357613382e-07 0.9950306480924849
0.004963335951395158 2.0308845327974353e-05 0.9950163552032768
0.004963198942313501 3.812191131650159e-06 0.9950329888665549
0.004963000859394507 2.7478615237174595e-05 0.9950095205253683
0.004963007546092824 1.9159429182637275e-05 0.9950178330247245
0.004963557334228181 1.4352164976494598e-06 0.9950350074492743
0.004959043331868508 4.07886937623668e-07 0.995040548781194
0.004961691666154665 2.855578506779719e-05 0.9950097525487777
0.004961342746720026 2.872956731851416e-05 0.9950099276859614
0.004962507253775868 1.9716186904756506e-05 0.9950177765593194
0.004962369063116278 3.9424651905452776e-06 0.9950336884716932
0.004993640079843085 6.781208500729834e-06 0.9949995787116562
0.007929868540829471 5.255065156692298e-07 0.9920696059526549
0.008134459196953735 1.2209406795840876e-06 0.9918643198623667
0.006326171922689435 2.1409475830721445e-05 0.9936524186014798
0.002816266965484802 0.00020462012129854437 0.9969791129132166
0.0027752305328716947 0.0010946140147954245 0.9961301554523329
0.0027666492420342892 0.003121165267040129 0.9941121854909256
0.004481027152760825 0.0013878935414036498 0.9941310793058354
0.006022344484650128 0.007544094268735819 0.9864335612466141
0.008382564411356482 0.0005704681362613583 0.9910469674523822
0.005384266474346033 0.004340715809239539 0.9902750177164144
0.0013773099676910366 0.7505232648188683 0.2480994252134406
0.0003925170584255102 0.9083631816626343 0.09124430127894016
0.0007683307855356774 0.817971258883213 0.18126041033125148
2.6684982311749504e-05 0.9878295371669472 0.012143777850741114
7.588860333013777e-06 0.997823198427498 0.0021692127121690414
4.3985020490342045e-06 0.9999228439973262 7.275750062473594e-05
1.4203417659223293e-06 0.9999817033163927 1.687634184136038e-05
2.4471581259017714e-05 0.9997169699680851 0.00025855845065581034
1.465615921670265e-06 0.9999841042698018 1.4430114276610028e-05
1.8976880020593645e-06 0.9999796880124762 1.841429952188485e-05
3.975634020757917e-06 0.9999577874697774 3.823689620199546e-05
1.8900936800990258e-06 0.9999800590011485 1.8050905171378432e-05
2.0155590952726046e-06 0.9999799430706959 1.8041370208776743e-05
2.579889621079351e-06 0.9999793821701692 1.8037940209724567e-05
1.3511404436667643e-05 0.9999543655511622 3.2123044401161734e-05
1.322340521144101e-05 0.9999741993093951 1.257728539341262e-05
0.00021745446721136886 0.9997478796208334 3.4665911955262406e-05
0.0011323097156948425 0.9988207439566017 4.694632770348621e-05
0.004886889941046911 0.9950374545063789 7.565555257419667e-05
0.003611419951614005 0.9963555329870729 3.304706131297612e-05
0.033388705304267054 0.9664628125052621 0.00014848219047078614
0.008042757950275823 0.9918795260335624 7.771601616174742e-05
0.06384798321688519 0.9359969813665021 0.0001550354166126668
0.9935189727009327 0.003419780243038852 0.003061247056028533
0.9890250753217089 0.0017533308739122182 0.009221593804378949
0.9969528285877937 4.6291587405958484e-05 0.003000879824800302
0.9907610413991605 3.0586808130221814e-05 0.00920837179270909
0.9930528247648093 8.393384685855547e-06 0.00693878185050479
0.8845555392790808 0.10859290084869393 0.0068515598722253815
0.6895862978543275 0.30607782228539226 0.004335879860280496
0.6542306795056564 0.33928643253737306 0.006482887956970642
0.43367654853525955 0.5639240303756624 0.0023994210890780103
0.9494946092106629 0.047970749116896104 0.002534641672441126
0.7215167590430387 0.27212422469009867 0.006359016266862498
0.19410984879913606 0.8041001731611198 0.0017899780397443305
0.1705782581020841 0.8229675517589181 0.006454190138997664
0.11059148607150955 0.8815355600778855 0.007872953850605003
0.10038167197742648 0.8936724978549148 0.0059458301676588304
0.0036711073169102522 0.9951240691581265 0.0012048235249632459
0.004569141555270082 0.9937636307734745 0.0016672276712554146
0.0017313392453410384 0.9970035707141941 0.0012650900404648782
0.004574450014756399 0.993812987077001 0.0016125629082425234
0.0005055512645202841 0.9982681437349422 0.001226305000537511
0.011421207088451419 0.9290231170216311 0.05955567588991741
0.00013702320490603288 0.9990026911595062 0.0008602856355877595
0.00013119979078718254 0.9990025199658075 0.0008662802434054178
0.00048050786676666866 0.995650708822723 0.0038687833105103763
0.0001468300916287618 0.9976933928444224 0.0021597770639488227
0.000987864131311202 0.9742623493165751 0.02474978655211365
0.0001507196817730172 0.992441164394891 0.007408115923335904
0.00025195081891838577 0.9833318025286967 0.016416246652384926
0.00019330999677478198 0.9762616311297946 0.023545058873430506
0.0003161841741052358 0.9176450063536891 0.08203880947220572
0.0021957869185354004 0.10869587874897639 0.8891083343324881
0.0005413310545348703 0.7920159408899685 0.2074427280554966
0.001851142461491988 0.03845984881897796 0.95968900871953
0.003367412106017549 0.054251484114997625 0.9423811037789848
0.0008434249177175308 0.3019488992609262 0.6972076758213562
0.000954839758905071 0.20670494750415766 0.7923402127369373
0.0014403124760892217 0.11476512080690471 0.8837945667170062
0.0023153227659328058 0.08703346725529468 0.9106512099787726
0.0017776848540373685 4.6176120496547595e-05 0.9981761390254661
0.0018134542772529614 0.0003619966521968445 0.9978245490705501
0.002544547302469091 0.0003011074651412734 0.9971543452323895
0.0017416722170555704 0.0016593617287897439 0.9965989660541547
0.0018606146907073583 0.0017078039050356373 0.996431581404257
0.001862577705808587 0.0015363090586428371 0.9966011132355487
0.0033812429873666364 9.055457952029442e-05 0.996528202433113
0.0017205572353260336 2.3673608378612664e-05 0.9982557691562954
0.002281163243613927 0.0005998849478931747 0.9971189518084929
0.0020404554139220924 8.925995529308561e-05 0.9978702846307848
0.002018870154381897 1.929766717382145e-05 0.9979618321784444
0.0020135260487970427 9.056111516911814e-05 0.9978959128360337
0.0020097773943291686 0.00047309034785749174 0.9975171322578134
0.002007106434356852 0.001016302020246466 0.9969765915453968
0.0019759850175864323 0.00020312877734867277 0.9978208862050648
0.002007650205735571 0.0014854513171293346 0.9965068984771351
0.002054168230745997 0.00033507270500706863 0.997610759064247
0.001774479794972657 0.0003873943903554102 0.9978381258146718
0.0017242672502378248 0.001242233661579938 0.9970334990881823
0.0021864921356222196 0.002285470307793211 0.9955280375565846
0.002193768901290477 0.002295168252379047 0.9955110628463305
0.0018173488122632962 0.0002814789814598271 0.9979011722062768
0.0039387894983802015 9.11441566282797e-05 0.9959700663449915
0.004008625508086106 8.791679448225267e-05 0.9959034576974316
0.0014174713571005477 0.0056942106535227055 0.9928883179893767
0.0014697821657949377 0.0048700174466374145 0.9936602003875675
0.002306536762497294 0.00064652319815853 0.9970469400393441
0.0007143992055258691 0.34762483748963835 0.6516607633048358
0.0006876671342315883 0.5162474093713875 0.4830649234943809
0.0006583168597278315 0.556625427311383 0.4427162558288891
0.002236798936410326 0.07636854802985829 0.9213946530337315
0.0018008013930358169 0.07753189975497136 0.9206672988519928
0.00028009191338556613 0.9174885044805486 0.08223140360606582
0.00199009066220433 0.8602092059935783 0.13780070334421735
0.00024668854946562703 0.9983692110571093 0.0013841003934251474
0.0016904450223956945 0.9936092160653472 0.0047003389122570564
0.0003580129055083204 0.9995954541062128 4.653298827916461e-05
0.000328285143107444 0.9996509130650788 2.0801791813753233e-05
0.00025215635759318154 0.9997345390528646 1.3304589542231866e-05
0.000569850842704397 0.9994008506075076 2.9298549788025557e-05
0.00032772496475322945 0.9996554627018694 1.681233337728477e-05
0.00023030160424690162 0.999758247684137 1.1450711616137218e-05
0.0021329067355507275 0.9977785197425916 8.857352185767602e-05
0.0009387560792628357 0.9990287226559225 3.2521264814562086e-05
0.0003827681932660514 0.9996028642070868 1.4367599647264176e-05
0.0031443403984951256 0.9968149251103553 4.073449114965523e-05
0.0015253685320547993 0.9984430966444372 3.153482350793735e-05
0.026317023659890883 0.973281922588559 0.0004010537515500349
0.026282621531179988 0.9734462522170236 0.0002711262517965328
0.7800401304768128 0.21916276049208627 0.0007971090311010307
0.18775201944720615 0.8115685833126444 0.0006793972401493791
0.9569028308730678 0.042019241377961106 0.0010779277489712193
0.9830279783098255 0.015761264295775894 0.00121075739439875
0.9975428268836825 0.0009541914950804596 0.0015029816212371841
0.9984603334862886 5.1777957446226274e-05 0.0014878885562651138
0.9976346005285017 0.0004588241123871102 0.0019065753591110035
0.9987085668739191 9.223603129763908e-05 0.0011991970947832378
0.9986014051064457 0.00019986076355548826 0.0011987341299988694
0.9980260282956563 9.615326312645674e-05 0.0018778184412171356
0.9002775292661047 0.09852388439250984 0.001198586341385471
0.8352349333465552 0.16303903839728412 0.0017260282561606785
0.4124123304262265 0.5869090376751607 0.0006786318986129393
0.04128709765932511 0.9584593512920664 0.00025355104860848597
0.004402076792952139 0.9954311682817777 0.00016675492527015585
0.0005601991944150908 0.9994014411099562 3.835969562883664e-05
0.0003342207951334975 0.9996219075213959 4.387168347071429e-05
4.323609299762028e-05 0.9999387371377532 1.8026769249164716e-05
5.0943615354871215e-05 0.9999106211596541 3.843522499094793e-05
1.3657640952669618e-05 0.9999731057173934 1.3236641653896772e-05
4.662266800084521e-05 0.9998926771593617 6.070017263736058e-05
2.5737943194242276e-06 0.9999754959101446 2.1930295536017115e-05
1.2079231537480209e-06 0.9999764966714908 2.229540535551811e-05
4.306247827850193e-06 0.9999333785670309 6.231518514130466e-05
4.907923401463227e-05 0.9988234810744 0.0011274396915854211
9.775347675257218e-07 0.9999634485401993 3.557392503336372e-05
2.6834702959605143e-06 0.9999192084632892 7.810806641490247e-05
3.900977469388928e-06 0.9997392281925827 0.0002568708299479703
9.433812563989258e-06 0.9992700625866878 0.0007205036007483168
9.509324416912388e-06 0.9978291626547384 0.002161328020844576
3.651429208116075e-05 0.9945000196042902 0.005463466103628452
1.8990673991154536e-05 0.9957251373387113 0.0042558719872976495
3.632286441571048e-05 0.9664658827983377 0.03349779433724669
1.4994037603625589e-05 0.9203707042474465 0.07961430171494992
5.1779847376843776e-05 0.737092440631471 0.2628557795211522
0.00011700024401339959 0.6981233474667262 0.3017596522892604
0.0004964778449833262 0.057214972302455036 0.9422885498525616
0.00048690593992138 0.06703241593248069 0.9324806781275978
0.0008470392849241836 0.006834653014709438 0.9923183077003663
0.0014560472298820863 0.021681358917086883 0.976862593853031
0.0008291750397366258 0.0015358634270025184 0.9976349615332609
0.0006427741771648236 0.32188431848956855 0.6774729073332667
0.0009612102922613767 0.14895393505128424 0.8500848546564544
0.0005024761071610613 0.8290330440825908 0.170464479810248
0.0011474241357182545 0.4396920800075603 0.5591604958567215
0.0006665795258410975 0.9191715394538182 0.08016188102034062
0.000382082181205626 0.9548764737719252 0.04474144404686911
0.00030388995052398635 0.9816929857921841 0.018003124257291815
0.00038436014793154515 0.9653684719639567 0.034247167888111864
0.0005557454737835257 0.9522087111108548 0.04723554341536176
0.0003648607708485276 0.997607162864175 0.002027976364976713
0.00026476650212809544 0.9990283001352873 0.000706933362584469
0.0008739842502976653 0.996984908483423 0.002141107266279256
0.014642182350881357 0.9665348826687991 0.018822934980319683
0.0005846948563901186 0.9987403823553453 0.0006749227882645432
0.04463745013056973 0.9402294173088989 0.01513313256053136
0.023211102193506358 0.9694468480073548 0.007342049799138799
0.01118572283806357 0.9859066446010916 0.0029076325608449857
0.0056541012361777075 0.9933800354463036 0.0009658633175187706
0.010271195551754446 0.9885272007339153 0.0012016037143300876
0.011131793769515227 0.9873852835489992 0.0014829226814855624
0.00964272456132911 0.9897312701352996 0.0006260053033712574
0.00580292631885389 0.9937908726397667 0.00040620104137938524
0.0105749721801802 0.9888529766784159 0.0005720511414038432
0.37818681524022285 0.6193579410082141 0.0024552437515631587
0.3500096601108341 0.6486563701978785 0.0013339696912873658
0.697302132482885 0.30122392819175586 0.0014739393253590755
0.9118213061664958 0.08673331673325597 0.0014453771002483373
0.9551143884543533 0.044041350053917995 0.0008442614917287895
0.9656835056981724 0.03133262990811145 0.0029838643937161995
0.5526037285139876 0.4461038700057189 0.001292401480293513
0.6459161756972083 0.3531238817455298 0.000959942557262005
0.5255361278530212 0.473213690549507 0.001250181597471827
0.976361904974936 0.02288461887575552 0.000753476149308544
0.5874048799754588 0.4112684171112259 0.00132670291331534
0.8499238843218068 0.14861156475323953 0.0014645509249536053
0.986187452152872 0.012683727195029762 0.0011288206520983198
0.24342768755655192 0.7557283419960696 0.0008439704473785077
0.049127011850181604 0.9503208400265132 0.0005521481233051013
0.016434503265638195 0.9822718568753169 0.0012936398590447894
0.0014557251223229542 0.9978486283817777 0.0006956464958993804
0.00033702417098524376 0.9991946685137587 0.00046830731525602604
0.0007318137148772058 0.9981236494203257 0.0011445368647970415
0.0007324962118784332 0.9980875669230276 0.0011799368650939478
0.000757178789164057 0.9977992610081884 0.0014435602026476395
0.0003362993604546619 0.9987477923619599 0.0009159082775854925
0.00110342783286268 0.9956051484315649 0.003291423735572428
0.0007672990521856618 0.9958194004976493 0.0034133004501650517
0.00045593144022232715 0.9865956575488137 0.012948411010963942
0.0014064837289764975 0.9401125187492805 0.05848099752174309
0.000865230191311773 0.9377816595656697 0.06135311024301856
0.00411734026204038 0.6067470029455954 0.38913565679236434
0.003954353962895565 0.6681363538339352 0.3279092922031692
0.0006535085268399384 0.8850614026701921 0.114285088802968
0.0014911946360501769 0.77355829786127 0.22495050750267975
0.002462612031499669 0.27020572842993057 0.7273316595385698
0.0005512602628606963 0.776132731469827 0.22331600826731227
0.0007740708773164312 0.3137949551398492 0.6854309739828344
0.0012210168006683748 0.09348744275579755 0.9052915404435341
0.0017986353541903787 0.003225734554112125 0.9949756300916975
0.00196230219120848 0.0023408578478862174 0.9956968399609053
0.0012179938939844515 0.00028753799966433924 0.9984944681063512
0.000967156430932282 0.0005325151154209998 0.9985003284536467
0.0011431582585167616 9.334475245515559e-07 0.9988559082939588
0.0011486097474324593 7.22035858790558e-08 0.9988513180489816
0.0013680424244208438 1.2444582548043741e-06 0.9986307131173243
0.0011803502403702577 7.844762966591132e-09 0.9988196419148667
0.0012647374890073838 2.5450040484375512e-08 0.9987352370609521
0.0014214374607739767 1.2964176530747398e-08 0.9985785495750495
0.0012814491366944908 2.063829720525953e-07 0.9987183444803334
0.0012359325188558278 3.4296185437989085e-08 0.9987640331849587
0.0012306630516874355 2.1580619008926766e-07 0.9987691211421225
0.0012876054650269267 7.74663856043719e-05 0.9986349281493686
0.001221383194676829 1.9669083000670777e-05 0.9987589477223225
0.001205190414901777 5.807924498857626e-05 0.9987367303401097
0.0012647381241025187 2.4310296644719144e-05 0.9987109515792527
0.0012284984451060507 0.0006280546600372249 0.9981434468948568
0.0014603679877933375 0.00012564390240292616 0.9984139881098039
0.0009458414205203592 0.0014512517324688698 0.9976029068470108
0.0009970303005873214 0.0008373437254758477 0.9981656259739369
0.001137792015502993 0.004502257502685684 0.9943599504818113
0.0008768609369833502 0.010367258190005361 0.9887558808730113
0.0008434865925102652 0.009053786543381077 0.9901027268641086
0.0007049395543286392 0.18836350409347702 0.8109315563521944
0.0006524475154286501 0.045601583184095774 0.9537459693004755
0.0015941034135928647 0.05282371685200336 0.9455821797344038
0.0006038956657902364 0.30972828602063773 0.689667818313572
0.0002752317245602456 0.7869549296840042 0.21276983859143547
0.00022466636142446208 0.9633670245766603 0.03640830906191517
0.0008507234029481632 0.8475384004466436 0.15161087615040822
0.002541511763333003 0.46183645132557855 0.5356220369110885
0.0006291169462185757 0.8029837326692709 0.19638715038451038
6.395023672067164e-05 0.9904790924514801 0.009456957311799267
9.636671852753468e-05 0.983037914045946 0.016865719235526596
1.328788227200345e-05 0.9989825201545457 0.0010041919631822431
7.467144346054468e-06 0.9997934808461666 0.00019905200948749593
5.568924165815608e-06 0.9999575310671459 3.690000868835238e-05
1.2926874279469265e-05 0.9999534103346032 3.366279111749177e-05
1.8764598643183848e-05 0.9999408860232037 4.034937815317937e-05
1.000091708989932e-05 0.9999737524185763 1.624666433363759e-05
1.4292835507948559e-05 0.9999690167027705 1.6690461721495098e-05
8.73065375688501e-05 0.9998289148083682 8.37786540629602e-05
7.50149602960806e-05 0.9998848406307566 4.0144408947277484e-05
0.0011228791180467588 0.9988040933731592 7.30275087941888e-05
0.0012022975800643652 0.9987589783888713 3.872403106418255e-05
0.0039456407998240415 0.9959878751001484 6.648410002755537e-05
0.2857281303009743 0.7139760622761 0.00029580742292563124
0.16454967524435102 0.8351672323457416 0.0002830924099072986
0.08041024705780427 0.9194214061594769 0.00016834678271876883
0.3353846990301705 0.6642095111066616 0.0004057898631679383
0.28559526225247234 0.7138245188478626 0.0005802188996650986
0.9824209063978875 0.01691242096468826 0.000666672637424107
0.6900574347466497 0.3084649846474386 0.0014775806059117117
0.9976398412935281 0.0015550347814706042 0.000805123925001172
0.9949150714809917 0.004090902002546971 0.000994026516461418
