inside membrane outside
0.37307362952247514 0.0 0.6269263704775249
0.26515595566564987 1.5870959890683676e-06 0.7348424572383611
0.3139690113518663 5.560335465738404e-06 0.686025428312668
0.44142728852389956 2.1705591083188707e-07 0.5585724944201895
0.44142716868819526 5.107770915820736e-07 0.5585723205347131
0.3266176815520866 1.661411306095852e-05 0.6733657043348524
0.35590333562919924 9.726492239330476e-06 0.6440869378785615
0.24474148201679735 7.910914092926246e-07 0.7552577268917934
0.2651493809482534 1.06977471748245e-05 0.7348399213045718
0.26516062666399415 4.77653702574067e-05 0.7347916079657485
0.318935834022039 0.00036571789362282856 0.6806984480843381
0.31774782338898433 0.0001970499072582382 0.6820551267037573
0.30607337605516594 0.001342529598619318 0.6925840943462147
0.3202619860325611 0.0006630615531055164 0.6790749524143334
0.29520136682329035 0.0015523277882315556 0.7032463053884781
0.24763004583378748 0.0016090929891691588 0.7507608611770434
0.3341443190528106 0.0002236434483521684 0.6656320374988373
0.2926280405477262 0.0017930413171138243 0.70557891813516
0.30886839060737237 0.0019167444798729248 0.6892148649127547
0.43274906787569406 0.00038511865722967264 0.5668658134670764
0.2996091504463137 0.02106305063408155 0.6793277989196047
0.3005948636847486 0.026225686359462923 0.6731794499557885
0.5178257019678199 0.026382305187295327 0.45579199284488486
0.17355724819542984 0.2877901987415021 0.538652553063068
0.02096606567803797 0.9389650422793192 0.040068892042642947
0.008721848379038222 0.9840478111430188 0.0072303404779431035
0.010921323311842196 0.9849156911647662 0.004162985523391675
0.082006814063165 0.8929950714850359 0.02499811445179903
0.04875018240015282 0.9387793720085496 0.0124704455912977
0.048375718081538364 0.9404285085570687 0.011195773361392852
0.018880534018764585 0.9768794558432693 0.004240010137966009
0.00685737488737421 0.9916076154199247 0.0015350096927011253
0.009855175611758743 0.9879366285321435 0.0022081958560979044
0.009856499076592164 0.9879328706621703 0.002210630261237519
0.006865607955853519 0.9915904260951476 0.0015439659489988712
0.029163010805886767 0.9638956590339646 0.006941330160148638
0.01750171764191321 0.978336572774204 0.004161709583882686
0.018847022403621124 0.9766227987388116 0.004530178857567258
0.007160468098024213 0.9903487895395803 0.0024907423623954776
0.04759386157007648 0.9287294987316341 0.02367663969828941
0.03097900934295791 0.9459065762983435 0.02311441435869847
0.051792936276219226 0.913072977706146 0.03513408601763455
0.5353528737017641 0.3179662121413322 0.14668091415690376
0.6682032449573168 0.07023426911128029 0.261562485931403
0.7104970321395844 0.03745241905572663 0.2520505488046891
0.7933737835631222 0.0008953940209725789 0.20573082241590518
0.6399210409531525 0.007473307543349586 0.3526056515034979
0.853146381270375 0.00011260658968857881 0.14674101213993634
0.8532226450440833 5.033454860578364e-06 0.14677232150105612
0.7327146347733776 5.635350686731952e-06 0.2672797298759356
0.7945821346315742 5.5197395814362534e-08 0.20541781017102984
0.8470984537342815 2.545552882032722e-08 0.15290152081018973
0.7023224285238284 3.8671232196489713e-10 0.2976775710894593
0.6875906353161593 1.4662844528473867e-12 0.3124093646823744
0.6988029406811316 8.386147442833565e-11 0.301197059235007
0.6988529314230176 8.198133824385852e-12 0.3011470685687842
0.702061473765303 1.0597814198254705e-12 0.2979385262336371
0.6996634367412349 4.019658732727749e-12 0.30033656325474545
0.6997072466564064 2.6353499279900545e-10 0.3002927530800586
0.6994467211955773 8.151694670057617e-12 0.3005532787962711
0.7009206959547292 1.61442904502073e-11 0.29907930402912647
0.7039892579961701 1.2722932648542468e-10 0.2960107418766006
0.7047637477776089 2.326161376621524e-09 0.29523624989622976
0.7013313889234473 1.493381070817583e-07 0.2986684617384457
0.7114356548578787 6.026136902860768e-08 0.2885642848807522
0.7007646708411212 6.347185112756933e-06 0.29922898197376613
0.695386381996135 1.3008639798681169e-06 0.30461231713988524
0.7174876507327729 2.385107364570812e-07 0.2825121107564906
0.7138946217656456 9.141840865210571e-06 0.28609623639348924
0.7016004377546243 0.0026465453963163328 0.29575301684905925
0.668083371205474 0.0040689532983174456 0.32784767549620847
0.6115138254040523 0.04434509758419613 0.3441410770117515
0.8156328560515888 0.0031306899563158085 0.18123645399209548
0.5557982731865665 0.11210881753418847 0.332092909279245
0.5257223993448522 0.1486666952022321 0.3256109054529156
0.8363510352686615 0.007146283443011818 0.15650268128832673
0.6133981477978736 0.058611153888141296 0.3279906983139851
0.5702597214795907 0.21801319901782254 0.21172707950258687
0.4264932875347294 0.4527060319759505 0.1208006804893201
0.5357607723666657 0.11883421147839923 0.34540501615493496
0.3757959204047056 0.4431460722663955 0.18105800732889887
0.1464243757861329 0.7927672266874067 0.060808397526460216
0.3334164030870417 0.5570682654441221 0.10951533146883621
0.4249470736296997 0.4247024968186876 0.15035042955161287
0.2122463801576869 0.6911106821869879 0.0966429376553252
0.040722438716090555 0.9407291059033928 0.018548455380516658
0.013511880208322821 0.9807863790538328 0.005701740737844447
0.02295384750996673 0.9697696210632322 0.007276531426801036
0.014683171841056091 0.9799549882816079 0.005361839877336148
0.006975969131439217 0.9903314885153103 0.002692542353250597
0.01614943082478143 0.9774288344792348 0.006421734695983813
0.011230813020352679 0.9839762157035874 0.004792971276059878
0.07402863713830973 0.8739224144910009 0.05204894837068936
0.005797214228877224 0.9889113473739831 0.005291438397139609
0.006004595188272043 0.9872741412404338 0.006721263571294302
0.005799752874732071 0.9852732011361957 0.008927045989072409
0.006777468948741477 0.9761160081345105 0.0171065229167482
0.011852295244173364 0.9700253469341307 0.018122357821696015
0.014326520863719227 0.9732793498540723 0.012394129282208493
0.501553874356488 0.3225616852023182 0.17588444044119375
0.07896639695921306 0.8517260599692131 0.0693075430715738
0.07513389953103013 0.8474696216334139 0.07739647883555613
0.048868372522712325 0.8675391019190936 0.08359252555819408
0.24893083541930658 0.4145971905733021 0.3364719740073913
0.200409230612283 0.5148674454006361 0.2847233239870808
0.4225332104303423 0.003514210698122522 0.5739525788715353
0.23460369599995667 0.16492037865780615 0.6004759253422371
0.2852684214102568 0.09266562020689752 0.6220659583828456
0.25873533958112915 0.02287319753178164 0.7183914628870891
0.23516719782429674 0.06093963578797601 0.7038931663877271
0.25762253027915577 0.0003782223952660606 0.7419992473255781
0.2612997169055364 0.005604107109334635 0.733096175985129
0.3871128302421144 0.0002085610926515561 0.6126786086652339
0.27054208141398345 0.011297757124727806 0.7181601614612887
0.2982669340127402 0.010733282394216599 0.6909997835930431
0.283391333911666 0.0035604361596755342 0.7130482299286585
0.30919352911505743 0.00457476106603707 0.6862317098189055
0.2780467759674275 0.008001448211070187 0.7139517758215023
0.28135254021479006 0.005718317823842558 0.7129291419613675
0.2604505600554526 0.0005848180542978604 0.7389646218902496
0.43167913208418124 1.2355126670272178e-05 0.5683085127891485
0.5407766740302359 0.00019192701786773525 0.4590313989518965
0.2222868260068836 0.03848037102461532 0.7392328029685011
0.5378397848825804 0.006978268863757074 0.4551819462536625
0.1611539231510332 0.41860619511043023 0.4202398817385365
0.12235094543242848 0.465095363931799 0.41255369063577235
0.16068372050331112 0.2675688620850843 0.5717474174116046
0.39873548609214415 0.018010622440276045 0.5832538914675799
0.024999207924053836 0.810332635890901 0.16466815618504513
0.006331208678548875 0.9529673149359764 0.04070147638547471
0.0024617219142250004 0.978929480358364 0.018608797727410867
0.00032039852020975223 0.9975917417525434 0.0020878597272467898
0.0002608315934214299 0.9988272727485177 0.000911895658060883
0.0002853872562907092 0.9987591615948304 0.0009554511488789492
0.00021889031698063265 0.9993965232898178 0.0003845863932016537
0.0001505646141375521 0.9996299270858809 0.0002195082999815865
0.0005526898237802415 0.9986415961213754 0.0008057140548442994
0.00017074220665585526 0.9995672345548104 0.00026202323853362293
0.0018258497132335296 0.995389959336451 0.002784190950315442
0.0003863471623335692 0.9990115280151537 0.0006021248225127146
0.0011376809474863965 0.9965786009586091 0.0022837180939044937
0.00023135503730868623 0.9991412401909483 0.0006274047717430593
0.00033493502767985344 0.9983611308882754 0.0013039340840447125
0.0074468926133025954 0.9562140145664174 0.03633909282027995
0.005082602534673409 0.966395596642274 0.02852180082305253
0.003413662124841428 0.9867266593060982 0.00985967856906042
0.01905782636250082 0.9651029300302566 0.01583924360724251
0.38918463219973665 0.5180821693752288 0.09273319842503454
0.1712640760136297 0.7654801576866597 0.06325576629971069
0.6284819612718422 0.19669124503656535 0.1748267936915925
0.800225968859076 0.02642868659551313 0.17334534454541084
0.6090914842527589 0.06673617698955564 0.3241723387576853
0.6716782709037419 0.02961713583413862 0.29870459326211946
0.5327551220204196 0.046874436704291436 0.42037044127528905
0.8023878436230688 0.00014049176870599683 0.19747166460822516
0.8020554384520091 3.0414580008503488e-06 0.19794152008999
0.6617704468672048 1.2336431740567229e-05 0.3382172167010547
0.6032428541843975 3.626688070221809e-05 0.3967208789349002
0.7557927215952502 1.1058113855955653e-07 0.24420716782361127
0.7111536250115236 3.760066808531656e-07 0.2888459989817955
0.699396919290195 1.8540291241104014e-07 0.3006028953068926
0.694859885919458 7.074507884938047e-07 0.3051394066297534
0.6905792322407324 1.73648257446503e-07 0.30942059411101014
0.6893508343892415 1.9724460612650441e-07 0.3106489683661524
0.6886519869899287 3.1373722633107124e-07 0.3113476992728449
0.688721619422315 2.6495010817371285e-06 0.3112757310766032
0.6887289588253525 1.5447118802552296e-06 0.31126949646276736
0.688721878065215 5.533481249275135e-08 0.31127806659997254
0.6887233394194734 4.943963888875093e-08 0.31127661114088767
0.6887213364936202 2.8850074238572514e-06 0.31127577849895594
0.688720899197093 3.484972254103373e-06 0.31127561583065294
0.6887229766618951 3.607038447308776e-07 0.31127666263426
0.6887231035529484 4.691264757014884e-08 0.3112768495344041
0.6887228937268571 3.580585368815788e-07 0.311276748214606
0.6887211213451166 2.883675449975289e-06 0.31127599497943337
0.6887230588279845 4.955668461330891e-08 0.3112768916153309
0.6887228702031172 3.3713376897329354e-07 0.31127679266311387
0.6887229383606029 2.2350747193899524e-07 0.31127683813192514
0.6887218034651849 1.7578557725303074e-06 0.3112764386790427
0.6887217354802261 1.839791482538064e-06 0.3112764247282914
0.6887227209386627 5.091215865784859e-07 0.31127676993975073
0.6887213761253825 2.4105347693262503e-06 0.3112762133398482
0.6887209470927924 3.0728654764508832e-06 0.31127598004173107
0.6887228319202623 2.1084512714550778e-07 0.31127695723461063
0.6887218310761991 1.3715467891417447e-06 0.3112767973770117
0.6887225047547574 2.026120017709378e-07 0.31127729263324094
0.6887215373166786 1.9357249899217945e-08 0.31127844332607146
0.6887213707990151 4.8830268887322546e-08 0.31127858037071604
0.6887359434262734 7.479383027465958e-10 0.31126405582578814
0.688722516252913 3.244100267077858e-08 0.3112774513060842
0.688755376252401 1.1370540977962161e-10 0.31124462363389355
0.6887123674215133 5.1489184325260085e-11 0.31128763252699754
0.6887017710415666 3.0005709103333855e-09 0.3112982259578625
0.6887039296532632 2.3177875692967644e-09 0.3112960680289491
0.6887326465705915 2.7967489328914502e-08 0.31126732546191926
0.6888421617828356 3.258436909340799e-07 0.3111575123734735
0.6886893718270781 4.18135173227208e-05 0.31126881465559914
0.6886875576419755 8.744969659269084e-06 0.31130369738836516
0.6887050313172629 2.3243864176878878e-05 0.31127172481856025
0.6886830830628201 1.549957530516261e-06 0.31131536697964934
0.6884756955977347 0.00028394030042433753 0.31124036410184097
0.6885594300037 0.00016829085177789925 0.311272279144522
0.6887448139582636 3.4860387117190424e-05 0.31122032565461916
0.6881572543540347 0.0006982034875121187 0.31114454215845316
0.6883982566997053 0.0003465288833150084 0.3112552144169798
0.6886176776842557 3.0271413202498373e-05 0.3113520509025417
0.6883100396628138 0.00044777853110540165 0.31124218180608093
0.6879474922342758 0.0009681428248052122 0.311084364940919
0.6884851218538622 0.00018691792208529637 0.31132796022405246
0.6884854302033161 0.00018637454542476094 0.3113281952512592
0.6879573623271606 0.0009529341899208399 0.3110897034829185
0.688531510557728 0.00011899849630885453 0.3113494909459632
0.6883631719679143 0.0003626182567009548 0.3112742097753847
0.6885780368337464 5.15924499112363e-05 0.3113703707163424
0.6879821171362319 0.000911272695554024 0.31110661016821395
0.6879926692919673 0.0008853958953020636 0.3111219348127305
0.6885575720274502 1.4759683621109855e-05 0.31142766828892876
0.6884776120232039 9.321259321348475e-05 0.3114291753835825
0.6884790834276254 0.0002426780630231246 0.3112782385093514
0.6878428857617451 0.0006803068467686163 0.31147680739148614
0.6881625530166763 1.6703964356862068e-05 0.31182074301896695
0.7171346077969603 0.0005340230219761931 0.28233136918106344
0.6800063681581148 0.0005901065710779427 0.3194035252708073
0.6779521034694584 0.0005813901841997728 0.32146650634634183
0.6855307912791279 6.234763890610561e-05 0.3144068610819661
0.6857932942934728 0.00021888868756953314 0.3139878170189576
0.74005927104527 1.2675104380793132e-05 0.2599280538503491
0.6725763822243757 9.922905594842787e-06 0.32741369487002947
0.6648077509456066 0.005898137344137503 0.329294111710256
0.6744638026576956 0.0017748955509887352 0.3237613017913158
0.7228377476040655 0.0004347761782031431 0.27672747621773136
0.6187313368887513 0.05211273245424191 0.3291559306570069
0.5851540078326347 0.0926456677903189 0.3222003243770464
0.47488077329702877 0.2685032959317953 0.25661593077117595
0.5587386469441078 0.12514254813480966 0.31611880492108246
0.5858679638515017 0.08942239557661251 0.3247096405718857
0.5389947954451719 0.16046575069199298 0.30053945386283504
0.6505077149616819 0.011863962713310434 0.33762832232500767
0.5258936023693753 0.20587797414873346 0.26822842348189124
0.5824489667957976 0.13478503527202998 0.2827659979321722
0.3666367743303253 0.4636229997612415 0.16974022590843335
0.4592343298282604 0.33111101626851736 0.2096546539032222
0.3651596665796416 0.4681150693266647 0.16672526409369373
0.5102276923465568 0.2581037043903483 0.23166860326309482
0.30018819341451003 0.5637154136517787 0.13609639293371142
0.29802427866952674 0.5668744326406985 0.13510128868977478
0.45487180848880737 0.3389047367295762 0.2062234547816165
0.6460587856251551 0.06090866610034368 0.29303254827450126
0.3185808783218308 0.5366337356685164 0.14478538600965277
0.5860367124900164 0.14703729173845773 0.26692599577152587
0.5309639625461158 0.22651684200967773 0.2425191954442064
0.31566268701142575 0.5362729044881408 0.1480644085004335
0.3218622177629204 0.5214173777255928 0.1567204045114868
0.38037611297505264 0.41907961509909003 0.20054427192585741
0.5541337951534296 0.030823933688299436 0.41504227115827097
0.3530642979251938 0.3364769895727543 0.3104587125020519
0.36333698660633723 0.30007867796694 0.33658433542672267
0.5598583989904105 0.05423309815306237 0.3859085028565271
0.5768839259747393 0.01289207892900204 0.4102239950962587
0.5797726511708062 0.005151161991789702 0.415076186837404
0.49204964261183737 0.04497738427695972 0.46297297311120283
0.5912061060331951 0.009434584264855286 0.3993593097019496
0.5969236022805393 0.0001534605879561555 0.4029229371315045
0.5753363864080654 0.004617851718272235 0.42004576187366244
0.5890320505069799 0.001540917357540969 0.40942703213547904
0.5889244710312359 0.0011995544169276116 0.4098759745518364
0.5847254787617446 8.019215593835882e-06 0.4152665020226616
0.6149766240887855 3.3460985258358768e-06 0.3850200298126888
0.588840987308617 1.7156292676101084e-05 0.41114185639870693
0.5896987282458293 4.193834742698628e-06 0.410297077919428
0.586570465094372 2.355934242052182e-05 0.41340597556320746
0.5885403163923898 5.0173790924233604e-08 0.4114596334338192
0.5885147509097589 4.832341163701391e-07 0.4114847658561247
0.5887925834879972 1.565238328070946e-07 0.4112072599881701
0.5885765581429011 1.5030174543699055e-06 0.41142193883964456
0.5892026516871252 1.2957154918234448e-07 0.41079721874132563
0.5887066911531255 5.386136799891477e-07 0.4112927702331945
0.5887147026613307 2.1337244703557814e-06 0.4112831636141989
0.5887155846724529 5.878545542848102e-07 0.4112838274729927
0.5887150286916464 7.68311925993668e-07 0.4112842029964276
0.588718119016619 7.470518989654504e-08 0.41128180627819116
0.5887127081722688 6.04555561991558e-06 0.41128124627211116
0.5887136166879285 4.273997143398702e-06 0.4112821093149281
0.5887152508373659 1.4663047413207455e-06 0.4112832828578929
0.5887158365157276 3.563354070362685e-07 0.4112838071488654
0.588715542627233 8.649272875750466e-07 0.4112835924454794
0.5887163363486573 8.731561862043894e-08 0.41128357633572404
0.5887163610827532 9.320499229351451e-08 0.41128354571225456
0.5887110498161674 9.928919554914873e-06 0.4112790212642777
0.5887143124840507 4.512679112585865e-06 0.41128117483683657
0.5887097878657505 1.1502048902749029e-05 0.41127871008534667
0.5887120237283093 8.173087553584201e-06 0.4112798031841372
0.5887168584565058 6.568093321694504e-07 0.411282484734162
0.5887153475545681 2.9612485801503557e-06 0.41128169119685165
0.5887133716669325 6.210418111738674e-06 0.41128041791495573
0.5887170704639534 7.151962287822454e-07 0.41128221433981776
0.5887184297120746 1.243321617553205e-07 0.41128144595576366
0.5887176213215368 1.0772819260411719e-07 0.41128227095027065
0.5887140962922184 6.507833257281969e-06 0.41127939587452444
0.5887179660395753 1.5412469004643064e-07 0.4112818798357348
0.5887157011595934 4.833758117827699e-06 0.4112794650822888
0.5887123547972805 1.0150257913360786e-05 0.4112774949448063
0.5887180961204772 1.583617810432564e-07 0.4112817455177418
0.5887151720358259 5.7662210678519926e-06 0.41127906174310613
0.5887166649459408 2.698711759174836e-06 0.4112806363423
0.5887159577897818 6.191747302343237e-06 0.4112778504629159
0.5887219121906169 6.008130207734263e-06 0.4112720796791754
0.5887209659940981 2.4631882572420933e-07 0.41127878768707626
0.5887091978266968 4.886051341130091e-06 0.41128591612196214
0.5885954783102106 7.969852168778885e-08 0.4114044419912676
0.594271080142467 2.2914509716961378e-07 0.4057286907124357
0.5885757062830893 4.869058795134678e-06 0.41141942465811554
0.5873164999720147 3.6427818649005666e-06 0.4126798572461204
0.5940930512934928 7.69296155908397e-08 0.4059068717768917
0.6005859895044628 2.2421728788848373e-06 0.39941176832265823
0.5835768445989301 5.242961581408049e-07 0.41642263110491184
0.5961485622999101 0.00012639108969283433 0.4037250466103971
0.5795236128520045 0.00013678984391391944 0.42033959730408155
0.7079480850991061 4.879009014694094e-06 0.29204703589187925
0.7208185065078772 5.204175633578663e-05 0.2791294517357872
0.5595975949628407 0.013224965776973527 0.42717743926018575
0.5605163455684686 0.03744368708816066 0.4020399673433708
0.5617687979292837 0.00563526299247156 0.4325959390782448
0.45745268294741204 0.0013378365048963283 0.5412094805476917
0.5289060280192506 0.08315093779576897 0.38794303418498044
0.529489372417132 0.048998349784550116 0.42151227779831785
0.5870539033918678 0.006906286199043276 0.4060398104090889
0.48792562917969884 0.09299005374458534 0.4190843170757158
0.0652318755539603 0.7512529968125697 0.18351512763346997
0.03383033374451417 0.7647851241757827 0.20138454207970313
0.020877368110603926 0.7505172951295606 0.22860533675983552
0.14079143631462807 0.09782640903092182 0.76138215465445
0.007388159190222085 0.7597095180613608 0.23290232274841707
0.0023862899801302775 0.8278768426746184 0.16973686734525142
0.003807065761214238 0.6189395688954489 0.37725336534333687
0.003764836665670261 0.5886163506708132 0.4076188126635164
0.0029267820531838555 0.6730113927279335 0.32406182521888266
0.0028786279714876285 0.6752486599151367 0.32187271211337554
0.0036243965970075083 0.590492724742404 0.4058828786605886
0.001889706453373639 0.7861037508491375 0.21200654269748884
0.0019227587616156925 0.7825183846642862 0.21555885657409815
0.0019022538409342686 0.7847376825381728 0.21336006362089302
0.003566983755054453 0.6211837273350629 0.37524928890988263
0.0062491040344764305 0.4023723488068644 0.5913785471586591
0.003941683870035172 0.6607446424031211 0.33531367372684384
0.0069228314253810845 0.35204922234032743 0.6410279462342914
0.0031258443425938665 0.7350067819162082 0.26186737374119806
0.002734402164297562 0.7949717439497255 0.20229385388597687
0.0037969690557452373 0.6796901177630086 0.3165129131812463
0.011357415641260464 0.060467723374224826 0.9281748609845147
0.014526144595966586 0.013724626605914201 0.9717492287981193
0.009964710022161734 0.10232276299432974 0.8877125269835086
0.006551590110817563 0.05854193479743828 0.9349064750917442
0.00846948973591905 0.01756528721236101 0.97396522305172
0.012201001170113676 0.0032692558303971902 0.984529742999489
0.0114228489262477 1.0980150551747887e-05 0.9885661709232006
0.008907311779181961 5.4740085841537875e-06 0.9910872142122339
0.012523652806931808 6.649793296131668e-07 0.9874756822137386
0.009631409559565155 6.969379311165011e-07 0.9903678935025038
0.010682534116409856 5.600538594894261e-07 0.9893169058297306
0.010903562921815118 1.2757233130070214e-06 0.9890951613548719
0.010640210297906244 3.6521072111553407e-07 0.9893594244913727
0.01087145647070021 1.0637435197794487e-06 0.98912747978578
0.010777065272725159 4.721170776678374e-08 0.9892228875155671
0.010853709604461253 8.139686403451984e-06 0.9891381507091354
0.010950507505345484 1.681560955909386e-05 0.9890326768850953
0.010950751202093956 4.266769752322975e-06 0.9890449820281537
0.010950569657365475 1.7171738992810878e-06 0.9890477131687352
0.010951634634985693 1.1411889126408223e-06 0.9890472241761016
0.01095107765363389 9.560383543059934e-07 0.9890479663080117
0.01094942291885779 1.9701371511291335e-05 0.9890308757096309
0.010949297479517821 2.00032552512411e-05 0.9890306992652309
0.010949054043404089 2.021534399362114e-05 0.9890307306126023
0.010949268482893525 3.935517825140979e-06 0.9890467959992812
0.01094948885839771 1.102328905021726e-05 0.9890394878525521
0.010949255740817536 3.906081801338014e-06 0.9890468381773811
0.01094926045074853 3.333202220987671e-07 0.9890504062290294
0.010948567481410395 3.891204174862802e-06 0.9890475413144147
0.010948198855964132 1.9967387458646148e-05 0.9890318337565772
0.010948597896288517 3.4773138079556567e-07 0.9890510543723308
0.010958916302789683 1.4375232106194633e-06 0.9890396461739998
0.010948005097255176 2.3269160705780596e-05 0.989028725742039
0.01094835042966001 4.669350387496331e-05 0.989004956066465
0.010950875269197687 3.452845007985015e-05 0.9890145962807225
0.010948821879565019 6.610256017017929e-06 0.989044567864418
0.010963584669649156 2.120593674430617e-06 0.9890342947366764
0.01096284238742002 2.1233852904387064e-06 0.9890350342272896
0.010950419411866618 3.861412480236897e-05 0.989010966463331
0.01094682922229276 5.167674992661153e-05 0.9890014940277806
0.010946849534076045 5.2396186035479384e-05 0.9890007542798884
0.010949614974161376 3.342094911929012e-06 0.9890470429309266
0.010947485620289042 4.845673828172761e-05 0.9890040576414293
0.010947367837501564 5.200506742366562e-05 0.9890006270950749
0.010947547959223878 2.0286569819056867e-05 0.9890321654709571
0.010948825767070049 3.7297656662919685e-06 0.9890474444672637
0.010948705645428143 2.8699953649007955e-05 0.9890225944009229
0.010949199776382621 1.625344331123115e-05 0.9890345467803062
0.010951133545069502 2.4950687509230978e-06 0.9890463713861796
0.01094865206939864 4.850845021235893e-05 0.9890028394803889
0.010949651083720955 2.5473858441058013e-05 0.989024875057838
0.010950837563410509 7.374058042120331e-07 0.9890484250307853
0.010950969269186225 5.7866179152819774e-05 0.9889911645516609
0.01095736479402848 1.7839559818047824e-06 0.9890408512499897
0.010953581532494832 7.050137942407111e-07 0.9890457134537108
0.010955934958175357 1.320967590444489e-05 0.9890308553659202
0.010954796978001077 2.4270327973080334e-05 0.9890209326940258
0.010955868348575232 1.83701504280092e-05 0.9890257615009967
0.010956839119067592 1.2683753761237306e-07 0.9890430340433948
0.01096192819582239 4.454171049943283e-06 0.9890336176331277
0.010964285877677754 1.0641588924344404e-07 0.989035607706433
0.01097395441301933 9.382268913222443e-10 0.9890260446487538
0.010978587041827215 1.9140257555155682e-10 0.9890214127667702
0.010969194667746278 2.1201054865853936e-11 0.9890308053110526
0.010961600800343614 1.474367973730752e-09 0.9890383977252883
0.01096910111914711 3.2349568868850637e-11 0.9890308988485034
0.010961720777738063 2.633907145619941e-10 0.9890382789588712
0.010962732282677442 9.105958309538007e-09 0.9890372586113643
0.010962833491612223 1.9128069943345338e-08 0.9890371473803178
0.01096267142768587 3.883972925990103e-09 0.9890373246883413
0.010963168224356834 7.8275420015133e-09 0.9890368239481012
0.01096313156453402 9.324990548953112e-09 0.9890368591104753
0.010963133634724448 5.559086792235142e-10 0.9890368658093668
0.010963134129407725 1.2458426310468225e-09 0.9890368646247496
0.010963133334646139 2.638860652365528e-08 0.9890368402767473
0.010963133444425023 5.163045989399502e-09 0.989036861392529
0.010963134694579237 8.751343159230925e-09 0.9890368565540776
0.010963130948211644 5.217032595496459e-09 0.9890368638347558
0.010963138753075393 3.0894120764899502e-09 0.9890368581575125
0.01096313912591348 4.547959079847815e-09 0.9890368563261275
0.010963087922116373 2.8858341513322505e-08 0.9890368832195421
0.010963268016802254 5.112344435899928e-09 0.9890367268708533
0.010963625250740296 3.0921047733115924e-08 0.9890363438282119
0.010962581240081067 8.960769182021212e-09 0.9890374097991497
0.010962715049230506 3.489120097898187e-10 0.9890372846018575
0.010962709882516528 1.331501044908885e-09 0.9890372887859824
0.010963143842899235 6.534586152876318e-07 0.9890362026984855
0.010963382584464382 2.474919557498508e-07 0.9890363699235798
0.010963070860977328 1.6962183342505045e-06 0.9890352329206885
0.010965291448521462 2.4225626196643948e-08 0.9890346843258523
0.010962401055281795 1.4581504485977374e-07 0.9890374531296734
0.010961476336768253 1.744419214990264e-05 0.9890210794710819
0.010963420607016933 2.07627846961646e-06 0.9890345031145135
0.01096093973621191 2.9069048373206573e-05 0.9890099912154149
0.010960940517537139 2.789717258975933e-05 0.9890111623098732
0.010961465690048463 1.047894743748074e-05 0.989028055362514
0.010960896869793863 4.542907906661948e-06 0.9890345602222995
0.010961080461522735 1.9343312437639902e-05 0.9890195762260396
0.010961104935300591 6.053051871540772e-07 0.9890382897595122
0.010960309587884392 3.6356878773217804e-05 0.9890033335333424
0.01096067629248643 1.221530434287199e-05 0.9890271084031708
0.01096011201034029 3.805543360217357e-05 0.9890018325560574
0.010959917402151347 5.432063885323026e-05 0.9889857619589953
0.01096034444345922 7.781536398916198e-07 0.9890388774029009
0.010960167717203149 1.6831558062969346e-05 0.9890230007247339
0.010959502708801722 3.9975149393326786e-05 0.9890005221418049
0.010960639870050451 6.153677825340801e-06 0.9890332064521242
0.010959862614210631 5.475027525147873e-05 0.9889853871105379
0.010960306242192484 7.605620853387787e-06 0.9890320881369541
0.010961525157795752 3.024688738380564e-05 0.9890082279548204
0.010981824043597207 2.3695892043279657e-07 0.9890179389974824
0.010970191058573458 7.891128776083438e-07 0.989029019828549
0.01096711612739746 3.1949464286028892e-06 0.9890296889261739
0.010972778405044055 5.312670639407787e-07 0.989026690327892
0.010969751583565846 1.5632849405007482e-06 0.9890286851314937
0.010966860932698498 1.6609433809056802e-05 0.9890165296334925
0.010966196839400609 1.8240008920687446e-05 0.9890155631516787
0.010969256872570035 2.4626393046401142e-05 0.9890061167343835
0.010968459203243434 1.0315666671473057e-05 0.9890212251300851
0.010965454974931723 6.78122185708356e-06 0.9890277638032112
0.010967069245067552 2.3507795184589526e-06 0.9890305799754139
0.010970703334913363 1.5882419749034753e-06 0.9890277084231117
0.010967813909010238 6.493182313537594e-06 0.9890256929086763
0.010968558386256289 3.1954121800069953e-06 0.9890282462015637
0.010967798398450126 6.319952583320129e-06 0.9890258816489665
0.010977907567972877 3.34523438439825e-07 0.9890217579085887
0.010966545855390131 6.521016951998603e-06 0.9890269331276579
0.010965883067613208 8.329231350530716e-06 0.9890257877010362
0.010964440218842355 5.3019626605317135e-05 0.9889825401545522
0.01096477277723874 7.962878004131213e-05 0.98895559844272
0.010970448596984934 4.0102410303970926e-06 0.9890255411619846
0.010968321533922612 5.3940443981687984e-05 0.9889777380220957
0.010963019481813021 9.574361642223309e-05 0.9889412369017648
0.010963530029408024 3.9747036257987014e-05 0.988996722934334
0.010963674264096737 3.971884813682153e-05 0.9889966068877664
0.010963409883434748 0.00010141683803693338 0.9889351732785283
0.01096393610180449 8.169497928435008e-05 0.9889543689189111
0.010964495811876005 1.2634478673181978e-05 0.9890228697094509
0.010965524299478963 4.6336221570792955e-05 0.9889881394789503
0.010967162473150709 8.903157511764815e-06 0.9890239343693376
0.010965738175992635 1.991449844890347e-06 0.9890322703741625
0.010965653185842247 3.7993318169036155e-05 0.9889963534959887
0.01096745342423022 1.0704170876460728e-05 0.9890218424048933
0.010965339529311495 0.00010198053452207895 0.9889326799361664
0.010970587023515232 2.7564518337487517e-05 0.9890018484581472
0.01096967016850052 0.00012097518302225818 0.9889093546484773
0.010970083103037747 9.446713931722558e-06 0.9890204701830305
0.010978111848144874 2.2571361862994513e-05 0.9889993167899921
0.010979681401704772 2.0932933948132158e-05 0.9889993856643471
0.010990863992917014 1.3496479514099023e-06 0.9890077863591317
0.010980837265132715 9.278046485448615e-06 0.9890098846883818
0.010994841481589855 3.024163917835807e-05 0.9889749168792318
0.010979222626069757 7.912478276997342e-05 0.9889416525911603
0.010984772576037498 5.336715600320979e-05 0.9889618602679593
0.010980067454429185 4.5872818569226085e-05 0.9889740597270016
0.010985235638677123 7.678634472122503e-07 0.9890139964978757
0.01100073274452894 1.5949888772170148e-07 0.9889991077565834
0.011026806728679143 2.521583102459742e-07 0.9889729411130106
0.010996743899574935 1.172540428236177e-06 0.9890020835599969
0.011005056251057925 2.54578540331955e-06 0.9889923979635388
0.010993936536681695 2.4894785135536605e-06 0.9890035739848048
0.010996603983544444 4.0778131468070084e-07 0.9890029882351409
0.011016954150920884 2.0631681025634094e-09 0.9889830437859111
0.010993370975769667 2.2203483032947546e-08 0.9890066068207473
0.011000874339334365 5.73536832723883e-09 0.9889991199252973
0.01099864104362937 4.820417678249421e-08 0.9890013107521939
0.01100058221372714 1.7523486952527053e-09 0.9889994160339242
0.010998827384055937 8.763524174362238e-10 0.9890011717395917
0.010999289479096758 2.9200120404585407e-09 0.9890007076008912
0.010999183042669732 3.865517505834469e-08 0.9890007783021553
0.01099918343367108 3.691331324989848e-08 0.9890007796530157
0.010999365826448598 1.2712162653163693e-08 0.9890006214613888
0.010999187305891719 1.27024108391691e-09 0.9890008114238672
0.010999191708948983 1.0511193838927562e-10 0.9890008081859392
0.01099919277133037 6.940736700630106e-10 0.9890008065345959
0.010999192803609162 3.051816683695379e-09 0.9890008041445741
0.010999194328048464 7.74985193428959e-12 0.9890008056642017
0.01099919393943156 2.3709338192535465e-12 0.9890008060581974
0.010999195208046923 7.382471364790513e-11 0.9890008047181283
0.010999194505586504 2.0335989825567601e-13 0.9890008054942101
0.010999198194781012 5.128604107856945e-14 0.9890008018051677
0.0109991954000289 1.1868893402354872e-13 0.9890008045998525
0.010999196324419825 1.1414632421565685e-14 0.9890008036755688
0.010999195036450684 2.0108116002499825e-14 0.9890008049635293
0.010999195157173148 1.5768698046073746e-12 0.9890008048412501
0.010999195312247077 1.0745614433187883e-12 0.9890008046866784
0.010999195090825439 2.939802197551683e-12 0.9890008049062348
0.01099919508698497 4.269030511731038e-13 0.9890008049125881
0.010999195660062792 5.70787982089025e-12 0.9890008043342293
0.01099919512770977 9.134013381379318e-11 0.98900080478095
0.010999194898885596 1.0790974294348698e-09 0.989000804022017
0.010999194908252756 2.5498703136276597e-11 0.9890008050662485
0.010999194784245544 4.06051008257526e-11 0.9890008051751493
0.0109991947451276 2.332176571380826e-09 0.9890008029226958
0.010999194905056048 1.4777339751004527e-09 0.98900080361721
0.010999194839777893 5.533784892730298e-11 0.9890008051048842
0.01099919463008818 3.520166144915628e-09 0.9890008018497457
0.010999194610841471 2.938625326613345e-09 0.9890008024505332
0.010999194671284167 1.8665243151820144e-10 0.9890008051420635
0.010999194578033509 3.15280154571166e-09 0.989000802269165
0.010999194616786955 7.229921616960926e-11 0.9890008053109138
0.010999194542743932 7.119204746359078e-11 0.989000805386064
0.010999194328535165 4.0365559632389876e-09 0.9890008016349088
0.010999194196204187 4.548607018971683e-09 0.9890008012551887
0.010999194487352182 6.815239126139047e-09 0.9890007986974086
0.010999192619766977 1.8634370412323667e-09 0.989000805516796
0.010999191781574413 1.267184903185803e-10 0.9890008080917071
0.010999192987693496 1.094587502087427e-10 0.9890008069028478
0.010999190072547505 7.261803304714311e-10 0.9890008092012721
0.010999192884061879 9.944794033769744e-09 0.9890007971711441
0.010999196422598867 1.0225252607459628e-09 0.9890008025548759
0.010999212321687431 2.0294716689417744e-08 0.9890007673835959
0.010999196123499068 9.623359483630183e-09 0.9890007942531415
0.01099921282916164 2.5528960638071446e-09 0.9890007846179423
0.010999193512596204 5.210814383474407e-09 0.9890008012765894
0.010999186815784368 9.350738644184925e-08 0.9890007196768292
0.01099918677802897 5.217533932477944e-08 0.9890007610466317
0.010999184174997146 2.683024149628794e-09 0.9890008131419787
0.010999182567889714 2.9838577515796955e-09 0.9890008144482525
0.010999178838785987 1.253686601915684e-07 0.9890006957925539
0.010999178632498548 2.7399426840404974e-08 0.9890007939680746
0.010999175139151468 1.452187099511205e-07 0.9890006796421386
0.010999141787185349 5.83026227939709e-08 0.9890007999101919
0.01099916873303371 8.608162685013981e-08 0.9890007451853394
0.010999199615748656 7.807322405806388e-09 0.989000792576929
0.0109992004656327 7.3377593850205444e-09 0.989000792196608
0.010999424941024454 4.6546654864137316e-09 0.9890005704043101
0.010999132258230687 1.7684868268306734e-07 0.9890006908930866
0.010999161057061845 1.0747549613075088e-07 0.9890007314674419
0.011000319846673877 1.6407155011487416e-07 0.9889995160817759
0.01099910466876788 1.208466649212897e-07 0.9890007744845671
0.011000484414077884 2.2108230203842468e-08 0.9889994934776919
0.01099885971395777 6.349027842209383e-07 0.9890005053832579
0.010999347452841004 7.242211378671508e-07 0.9889999283260211
0.01099932796012527 7.599234677802365e-07 0.9889999121164069
0.010998978296297502 1.1271400584544909e-07 0.9890009089896966
0.010999825797709452 2.2466963200819157e-08 0.9890001517353274
0.010998651124939321 9.461363470049032e-08 0.989001254261426
0.010999713813315258 2.3148582638126538e-08 0.9890002630381021
0.010998251057990361 4.517194006071996e-06 0.9889972317480036
0.010998235221038162 1.6989065866797544e-06 0.9890000658723751
0.010998196698744838 3.2421521882076936e-06 0.9889985611490669
0.01099819274259793 3.522801341213525e-06 0.9889982844560609
0.010998232460929135 5.79016634304194e-08 0.9890017096374074
0.010998227418238986 6.849366711553934e-08 0.989001704088094
0.010998213908529047 1.6083632255564552e-06 0.9890001777282453
0.010998457260348031 1.1314975793657485e-06 0.9890004112420726
0.010997829124430952 6.784056212666027e-07 0.9890014924699477
0.010998062781642701 1.93470236649339e-06 0.9890000025159907
0.010997741246902297 3.344075811026711e-06 0.9889989146772866
0.010997368826824224 6.609338559570966e-07 0.9890019702393198
0.01099493464005861 3.971398797725452e-07 0.9890046682200616
0.010999532443591005 9.87947709628185e-07 0.9889994796086993
0.011030632705392297 2.4023098560500783e-06 0.9889669649847516
0.01098043559859105 8.636953932309785e-08 0.9890194780318696
0.011003863515038084 3.2254619469446706e-07 0.9889958139387672
0.0109968960637012 1.447154533617209e-05 0.9889886323909627
0.01106039773167792 7.535572215308682e-06 0.9889320666961068
0.011015134052539862 1.2597429586792887e-05 0.9889722685178733
0.011045049885582307 3.406521590542692e-07 0.9889546094622587
0.01099087552227203 7.181825924183156e-06 0.9890019426518037
0.010987265241977837 4.852053299573764e-05 0.9889642142250265
0.010995152963803542 1.0413707040221807e-05 0.9889944333291563
0.010960933548342327 6.870227746974725e-06 0.9890321962239107
0.010948602529089442 0.0002986251646610774 0.9887527723062496
0.010946542986757075 0.00012423811160820408 0.9889292189016347
0.01093981730741435 0.0005011895301173377 0.9885589931624682
0.01094383319246938 7.926192286802524e-05 0.9889769048846626
0.010939926257583044 0.0003994129834307571 0.9886606607589862
0.010939900659678283 0.0004023511997554017 0.9886577481405663
0.010943647064819876 7.953282756947094e-05 0.9889768201076107
0.010940129835771336 0.00040221601498623984 0.9886576541492423
0.010942075519586853 0.0002312002831289628 0.9888267241972841
0.010944387057192868 2.804232540723261e-05 0.9890275706174
0.010946078533030472 9.443014598376379e-06 0.9890444784523711
0.010944037818813302 4.9820490657129984e-05 0.9890061416905296
0.010942359581819067 0.0002431010301709085 0.98881453938801
0.010939784152374898 0.0004706403596075663 0.9885895754880176
0.010945609491106359 0.00035388728771797645 0.9887005032211758
0.010960115557537701 5.238276464345587e-05 0.9889875016778189
0.010956471952033869 0.0005840613483388999 0.9884594666996273
0.01096956088147817 6.147731753378576e-05 0.988968961800988
0.010981440530823474 4.9234499770429905e-05 0.988969324969406
0.01099198614183218 0.00030226305699035275 0.9887057508011775
0.010975031705419663 0.0003217474135305933 0.9887032208810498
0.01098222110894528 0.0002894180421219905 0.9887283608489327
0.011138283125567174 2.378683648413661e-06 0.9888593381907843
0.011047682440720451 0.00013789763428296355 0.9888144199249965
0.011025805231934123 1.7380066523549431e-06 0.9889724567614135
0.011020653101439322 4.060431668529236e-05 0.9889387425818753
0.011127248058800169 2.161464105821477e-06 0.988870590477094
0.01102393510610618 3.892592198855671e-05 0.9889371389719053
0.011025844997400083 3.6155481255155236e-05 0.9889379995213448
0.011070833945714101 9.624577853224278e-05 0.9888329202757536
0.011048132182643082 0.00014771372574290617 0.988804154091614
0.011049719254898534 0.000141970938857168 0.9888083098062442
0.011054580953750228 2.5120771971618764e-05 0.9889202982742781
0.011064794675373876 7.14570225325774e-07 0.9889344907544008
0.011071743845417816 2.4095706663882445e-05 0.9889041604479183
0.01108686854291762 2.3290984988052705e-06 0.9889108023585835
0.011081528632428134 4.268305154649795e-06 0.9889142030624173
0.01109227626972327 4.1025369232765083e-07 0.9889073134765843
0.011124126198480628 6.368950473628411e-09 0.9888758674325688
0.011140484420215075 9.835313318116647e-09 0.9888595057444716
0.011078683822033327 9.858773753707548e-08 0.9889212175902291
0.01112242059925563 3.159993025906717e-09 0.9888775762407513
0.011088550355113712 1.1324414375865403e-07 0.9889113364007426
