inside membrane outside
0.02764895638496607 0.0 0.9723510436150339
0.036466714910626315 2.628610009129419e-13 0.9635332850891108
0.025380073691802296 5.153904988014391e-13 0.9746199263076823
0.0253800736918185 1.0720040979987094e-12 0.9746199263071094
0.03650090109852289 2.344064563005108e-12 0.963499098899133
0.029591754835415398 1.5309141335190951e-12 0.9704082451630537
0.034048619241833465 1.087947039336483e-11 0.965951380747287
0.029560087456782055 3.2691190701212673e-13 0.9704399125428911
0.02956008745655964 2.774557982168929e-13 0.970439912543163
0.02621686070582115 1.6602836852071778e-11 0.973783139277576
0.02801152329581331 2.9204511677007075e-12 0.9719884767012663
0.02801152329682487 6.684470655774622e-13 0.9719884767025067
0.028011523296638825 4.629859356654139e-13 0.9719884767028981
0.028011523294162385 3.746243522345334e-12 0.9719884767020913
0.028011523292964302 6.560824060961658e-12 0.971988476700475
0.0280115233188359 1.0483912015836685e-11 0.9719884766706803
0.02801152325205762 3.0296564730937594e-11 0.9719884767176458
0.02801152331882738 3.3915905347870734e-12 0.9719884766777811
0.02801152322682009 9.227564264235338e-13 0.9719884767722572
0.028011523221244686 7.103555300913609e-12 0.9719884767716518
0.028011523265883388 2.0810880993406768e-11 0.9719884767133057
0.028011523200416923 6.351635994811358e-13 0.971988476798948
0.02801152320004517 5.665448511302919e-13 0.9719884767993884
0.028011523338814022 3.988480058628308e-12 0.9719884766571976
0.028011523862877627 1.905692259512422e-12 0.9719884761352167
0.02801152306941922 2.078909745235521e-09 0.9719884748516711
0.028011522833527182 2.845907708937129e-10 0.9719884768818821
0.028011522845469185 6.375672240507711e-11 0.9719884770907741
0.028011523155641066 2.6448837584610436e-09 0.9719884741994752
0.028011522933723332 5.292835341925203e-10 0.971988476536993
0.02801152268207905 1.2254450246860695e-09 0.971988476092476
0.028011522825841996 4.406302622473916e-09 0.9719884727678554
0.028011522388582535 6.621827906469153e-11 0.9719884775451992
0.028011525166017973 7.417824499307091e-11 0.9719884747598038
0.02801152158429324 9.295749126456153e-11 0.9719884783227494
0.02801152128130985 4.667168894320586e-09 0.9719884740515213
0.02801152057725718 9.941350505722308e-10 0.9719884784286078
0.028011520128019836 1.0440011657093e-09 0.971988478827979
0.02801151728014768 1.2772289449950315e-10 0.9719884825921294
0.02801151523220021 5.542926859649023e-09 0.971988479224873
0.028011529594595026 4.1253986699358383e-10 0.9719884699928651
0.028011532825258312 1.4370314331652415e-09 0.9719884657377104
0.028011493939260553 1.2879764433722156e-08 0.971988493180975
0.028011500361211947 6.534358552590139e-09 0.9719884931044294
0.028012566606875164 1.0517011448618365e-09 0.9719874323414237
0.028014790044699006 1.4901245955575674e-08 0.9719851950540551
0.02801512023122973 2.076391863809875e-08 0.9719848590048517
0.028010823406891927 7.59585901730261e-09 0.9719891689972491
0.028015604020672467 3.5040547465794626e-09 0.9719843924752729
0.028010115920539563 9.180789045334099e-09 0.9719898748986714
0.02801077559499141 3.899020669329742e-08 0.9719891854148018
0.028011377418118256 3.448866283398231e-07 0.9719882776952533
0.028010730982335186 3.854482824134763e-09 0.9719892651631821
0.028013864477179018 2.6617612396884768e-08 0.9719861089052085
0.028010529578851463 9.619084788429548e-07 0.9719885085126697
0.028008713229101704 1.4828010905679878e-06 0.9719898039698077
0.028008495631085137 1.6384737800638502e-06 0.9719898658951348
0.028008191323517444 8.695296150362821e-06 0.9719831133803322
0.028008326090453818 3.819452813984081e-06 0.9719878544567322
0.02800842652267056 6.431684079895062e-07 0.9719909303089215
0.02800835389989114 2.574960004247531e-06 0.9719890711401047
0.028008192530425434 8.286721897266477e-06 0.9719835207476774
0.028008380003691092 1.6051501380142055e-06 0.9719900148461709
0.02800840760459319 6.511532247595246e-07 0.971990941242182
0.02800824695444102 6.515966564991636e-06 0.971985237078994
0.02800838128769182 1.5959826168686193e-06 0.9719900227296914
0.0280084152610132 4.280441241487654e-07 0.9719911566948627
0.028008210040541652 7.717960008273798e-06 0.9719840719994501
0.02800839485085592 1.0821024683382936e-06 0.9719905230466758
0.028008340142353264 3.0130054696968214e-06 0.9719886468521771
0.02800823127370198 6.769931912619825e-06 0.9719849987943854
0.028008400633087148 5.866335135887178e-07 0.9719910127333993
0.028008381992280482 1.0341805961566135e-06 0.9719905838271233
0.028008247119447903 5.063496745954328e-06 0.9719866893838062
0.028008342513557875 2.5432699132579773e-06 0.9719891142165289
0.028008421466908913 1.9529892748870816e-09 0.9719915765801018
0.02800840349101811 9.284740767910369e-10 0.9719915955805079
0.028008398318342512 1.8747020018897384e-10 0.9719916014941873
0.02800837802373437 6.945278707096892e-10 0.9719916212817378
0.028008397889722265 1.4598752030868397e-11 0.9719916020956789
0.02800834759921655 2.9532032004148264e-10 0.9719916521054631
0.02800839961841823 2.2943866040653806e-12 0.9719916003792873
0.028008376670385395 8.019192064167519e-12 0.9719916233215954
0.02800842524817812 3.745841834420166e-12 0.9719915747480761
0.028008366323006142 4.768657853452589e-11 0.9719916336293072
0.028008391689856665 1.325629588943142e-12 0.9719916083088178
0.028008391616618375 7.494840099466259e-12 0.9719916083758867
0.028008391604653224 1.3199504435061185e-12 0.9719916083940269
0.028008391557733228 1.0082043223167386e-11 0.9719916084321847
0.028008391460768743 1.1495129483731677e-12 0.9719916085380818
0.028008390912908757 1.1101132537714951e-11 0.9719916090759901
0.028008391751819364 7.674851340996549e-11 0.9719916081714322
0.028008387986046945 1.1728403333129584e-12 0.9719916120127802
0.028008358669245028 1.414122145100848e-11 0.9719916413166136
0.028008549766295913 2.4098250686736694e-12 0.9719914502312943
0.028008395288252868 2.8423372673751925e-10 0.9719916044275134
0.02800836346510168 2.4602240480594576e-10 0.9719916362888759
0.0280083363769652 6.08907823423449e-10 0.9719916630141269
0.02801008114644574 3.8216691878315517e-11 0.9719899188153376
0.02800871480739576 4.1260579669101786e-10 0.9719912847799985
0.028007627435218126 1.1353139461530132e-08 0.9719923612116425
0.0280129589034111 1.869176922308855e-09 0.9719870392274119
0.02801153086307011 1.7520606617054575e-09 0.9719884673848692
0.028012354936672874 2.998906332356517e-07 0.9719873451726939
0.028007964902936396 8.987574761703957e-08 0.9719919452213159
0.028008574181922253 1.01677150509453e-07 0.9719913241409271
0.02800741894722922 1.6342678417773513e-07 0.9719924176259866
0.02800738603759754 1.5885178918793575e-08 0.9719925980772235
0.028005771331637147 4.980786108458927e-07 0.971993730589752
0.028005277904997367 4.2309702768198305e-06 0.9719904911247257
0.028004964953627594 9.868602034798036e-06 0.9719851664443375
0.02800471263110842 1.0338432815812902e-05 0.9719849489360757
0.028005043503195257 3.659466080001914e-07 0.9719945905501969
0.028004786371773522 1.1722821317317853e-06 0.9719940413460947
0.02800469052208953 5.925160263484846e-06 0.971989384317647
0.028004660769710914 2.1138917383962963e-06 0.9719932253385507
0.028004364014171678 1.0814877119701638e-05 0.9719848211087085
0.02800447929700426 4.210174746545039e-06 0.9719913105282493
0.028004379630338347 1.0572917694045395e-05 0.9719850474519677
0.028004621211148186 6.097534321225142e-06 0.9719892812545305
0.028004987870752302 5.88474305139925e-06 0.9719891273861962
0.02800573269491463 2.0451689118711263e-07 0.9719940627881941
0.028004673905170065 2.0293421444530382e-07 0.9719951231606154
0.028004274720802157 1.0845409252750731e-05 0.9719848798699451
0.028006104994755695 6.70914986354967e-07 0.971993224090258
0.028004027983381898 7.725887248908468e-06 0.9719882461293692
0.028004213351661405 1.3427770020707176e-05 0.9719823588783179
0.028003579714097615 4.818524751855828e-06 0.9719916017611506
0.028003740613780997 1.552704910352736e-05 0.9719807323371155
0.028004206182751918 4.8640535928483915e-06 0.9719909297636552
0.02800468792712306 2.6618333971148335e-06 0.9719926502394799
0.028004096039535666 1.091195143232395e-07 0.9719957948409501
0.028004250752408925 3.6047330425237787e-06 0.9719921445145484
0.028004045893331383 1.1721741715832451e-07 0.9719958368892515
0.028004569178916278 4.600635033391899e-06 0.9719908301860504
0.028004275703926152 3.6406640849898414e-07 0.9719953602296653
0.02800328553118326 5.072621745362728e-06 0.9719916418470713
0.028003343437082422 1.1714465342743361e-06 0.9719954851163833
0.028002802271176606 1.000292424936168e-05 0.9719871948045742
0.028003013776971425 3.763602640556265e-06 0.971993222620388
0.02800310978165247 1.3939294999513674e-06 0.9719954962888476
0.028002859437337557 1.0002681770977808e-05 0.9719871378808915
0.028002930304150492 9.754219414413022e-06 0.9719873154764351
0.028003417483072987 6.879576420354199e-06 0.9719897029405067
0.028004836040896434 1.6016133551813e-07 0.9719950037977679
0.028004160052601555 2.176969640131295e-06 0.9719936629777584
0.028003842480167147 9.189731901871096e-06 0.9719869677879309
0.028003920726148906 1.2159388474451697e-06 0.9719948633350037
0.028004531112241125 2.6406798626375453e-07 0.9719952048197726
0.02800453052360441 1.6016593809233073e-06 0.9719938678170148
0.02800421978449988 6.020513852011914e-06 0.9719897597016481
0.028005598216312055 9.5324262681306e-08 0.9719943064594253
0.028003990871729407 1.4648163830766687e-06 0.9719945443118875
0.028004262869441895 5.480670982809668e-06 0.9719902564595753
0.028004332320407357 4.114097637765767e-06 0.9719915535819549
0.028004630327732986 2.378023932359653e-08 0.9719953458920276
0.028005646425474998 1.6754025257044208e-09 0.9719943518991224
0.028004932492642284 4.0473224774722605e-09 0.9719950634600352
0.028004910518870173 1.6405719232874682e-09 0.971995087840558
0.028004709099347776 1.08299512527198e-10 0.9719952907923527
0.02800467414568944 2.7305461076117393e-11 0.9719953258270052
0.028004508169281864 5.6637080031183335e-09 0.97199548616701
0.028009282494383055 4.941588972866562e-10 0.971990717011458
0.028004797729573736 1.0644373973582658e-07 0.9719950958266865
0.028003728282476117 1.1388097645882808e-09 0.9719962705787141
0.028004669459732384 3.234465811963993e-07 0.9719950070936864
0.02800351154201657 3.5167608826936345e-07 0.9719961367818952
0.028009235208906715 1.2467959624460708e-08 0.9719907523231337
0.02800225014469071 3.755641371570176e-08 0.9719977122988955
0.028011388659102427 2.7226484904860925e-07 0.9719883390760485
0.02800298834297589 2.004745948805857e-08 0.9719969916095647
0.02799954747441051 6.995390347717122e-06 0.9719934571352418
0.027998978234703008 2.2555642477285976e-05 0.9719784661228197
0.027999604584745826 2.931224063343651e-05 0.9719710831746208
0.02800527240463736 2.088232833848524e-06 0.9719926393625288
0.027998608088185353 3.7549825804978745e-06 0.971997636929234
0.027998666673810083 1.2190023384612653e-05 0.9719891433028053
0.027998592138072372 7.596129551502023e-07 0.9720006482489724
0.027997834793726698 3.572690645789177e-05 0.9719664382998154
0.027999259812442865 1.267027995264724e-05 0.9719880699076044
0.027996231111588606 4.328193546874884e-05 0.9719604869529427
0.027995712140120768 4.663008684575226e-05 0.9719576577730334
0.027995509523297525 4.9267384786024896e-05 0.9719552230919164
0.027996260486140165 1.9029165948175998e-05 0.9719847103479117
0.0279974002472696 1.7261593031580476e-06 0.9720008735934272
0.02799651098610123 6.20212357861945e-06 0.9719972868903201
0.027996083602603344 1.9499334360690435e-05 0.971984417063036
0.02799583997531097 2.8365427197951764e-05 0.9719757945974911
0.027996018354851968 1.9284029325391555e-05 0.9719846976158225
0.027996391465129108 1.6690006855528048e-05 0.9719869185280154
0.027996570117215007 8.819010946817862e-06 0.9719946108718381
0.02799683177030991 1.2410562264867572e-05 0.9719907576674253
0.027995446507594036 5.8812928941599206e-05 0.9719457405634644
0.027995967304233052 4.261536782856255e-05 0.9719614173279384
0.028006799868660337 7.190790577165828e-07 0.971992481052282
0.02800285413424693 6.436350268060637e-06 0.971990709515485
0.028001500528019807 2.928615118170246e-05 0.9719692133207986
0.028001337573489073 4.249834361391584e-06 0.9719944125921496
0.0280029257086903 2.73513770997229e-06 0.9719943391535998
0.028007053754141996 1.1510937552366021e-06 0.9719917951521028
0.02800744173749849 2.4494351504878313e-06 0.9719901088273509
0.028005786762994547 1.1627655714025448e-06 0.971993050471434
0.028003501360691806 2.3695722170389627e-06 0.9719941290670912
0.028006623715349295 6.513399200783853e-06 0.9719868628854499
0.028007841023642812 7.345079024689035e-07 0.9719914244684547
0.028006035632886776 1.6970391391212888e-06 0.9719922673279741
0.028006822169685096 6.027402555196025e-07 0.9719925750900593
0.028011297006785042 1.1113816013249983e-08 0.971988691879399
0.02800670867360146 9.627764250293722e-09 0.9719932816986342
0.028006961979914834 9.717833707402908e-08 0.971992940841748
0.028007012359393478 4.578726011287984e-07 0.9719925297680055
0.02800703084005787 4.65746802292128e-07 0.9719925034131398
0.028007089345214602 8.722206139626465e-08 0.9719928234327241
0.028007444760410193 3.801665510585034e-07 0.9719921750730387
0.028007239095733213 7.4111248270184735e-09 0.971992753493142
0.028007225835714 9.205610077859703e-08 0.9719926821081852
0.0280072482817503 2.1074678331108273e-07 0.9719925409714665
0.028007385802149967 7.837330376218747e-10 0.9719926134141169
0.028007258176512808 1.7967346882592462e-09 0.9719927400267525
0.028007322190391783 1.0079999125826699e-09 0.9719926768016082
0.02800726085601089 1.3122787784315376e-10 0.9719927390127612
0.02800730058860895 7.304026996457731e-09 0.971992692107364
0.028007298809358545 1.1818904779703009e-08 0.9719926893717367
0.028007471578680606 3.172008743304321e-10 0.9719925281041186
0.02800728811300876 1.995011739583491e-09 0.9719927098919795
0.028007295667613688 4.0496985486140015e-08 0.9719926638354007
0.028007492567323777 3.235102680178624e-09 0.9719925041975735
0.028007240093887185 2.97057731160148e-08 0.9719927302003397
0.028007247490279996 1.4315046826151772e-09 0.9719927510782154
0.02800718330734612 2.8341451098428127e-07 0.971992533278143
0.028007166792218725 3.363781771949288e-07 0.9719924968296041
0.028007167517406676 3.5785030430409535e-07 0.971992474632289
0.028007171080016234 1.256731081931431e-07 0.9719927032468755
0.028007169130249577 1.7894775887453162e-07 0.9719926519219916
0.028007172644353606 7.482606477606883e-09 0.97199281987304
0.028007169595214737 1.233237077288718e-07 0.9719927070810774
0.02800717157980499 7.474948903161714e-09 0.9719928209452461
0.02800716944465218 7.700956534489757e-08 0.9719927535457825
0.028007170435677325 3.061204299048695e-08 0.9719927989522797
0.02800715643153335 5.238554313881134e-07 0.9719923197130352
0.028007169626206665 5.15178680678825e-08 0.9719927788559253
0.028007170518593905 2.381653193128277e-08 0.9719928056648742
0.028007160056328608 3.9311460868383065e-07 0.9719924468290626
0.028007167596311295 1.3153513821679246e-07 0.9719927008685505
0.02800716126546267 3.559920043105372e-07 0.9719924827425329
0.028007167443863352 1.341922162836203e-07 0.9719926983639203
0.02800717290627334 2.5351748906321773e-08 0.9719928017419778
0.028007171727326106 9.391844766761038e-08 0.9719927343542263
0.02800716540553239 2.393544777658654e-07 0.9719925952399898
0.028007173563881552 5.04767888893613e-09 0.9719928213884396
0.028007166205308298 2.2660774711970166e-07 0.9719926071869446
0.028007172569294695 7.971052385548437e-08 0.9719927477201814
0.02800717400019573 3.913584026921086e-08 0.9719927868639641
0.02800736437811812 1.1054082913711142e-09 0.9719926345164737
0.028007107311801428 3.047208091885813e-08 0.9719928622161177
0.02800759322611105 1.4657361178562438e-09 0.9719924053081528
0.02800723255606034 2.6134777118407448e-09 0.9719927648304619
0.028007029710653684 4.3985079213322786e-10 0.9719929698494956
0.028007336438737984 6.896722650353675e-11 0.9719926634922947
0.028007630150860184 9.390609319404886e-11 0.9719923697552336
0.028010975188883933 5.4351273115248176e-11 0.9719890247567647
0.028005861628616277 1.1395332347762304e-09 0.9719941372318505
0.028006198687581318 3.3949978766610644e-09 0.9719937979174208
0.02800610488174956 4.948238450493962e-07 0.9719934002944054
0.02800641086009308 1.9783293314878507e-06 0.9719916108105755
0.02800638399366258 5.127099357803727e-07 0.9719931032964015
0.028010374431784085 2.2888148732953387e-07 0.9719893966867286
0.028006015786131867 1.284880565370685e-07 0.9719938557258117
0.028005683119742775 6.641259796002112e-07 0.9719936527542776
0.028003211173301727 6.724888306164603e-05 0.9719295399436366
0.0280036359412414 4.808500250566788e-05 0.971948279056253
0.028003598375869267 4.8756199361017493e-05 0.9719476454247697
0.028004506487881824 1.5674022282623168e-05 0.9719798194898357
0.028002839949209213 7.616707263318188e-05 0.9719209929781576
0.02800412032309211 2.9194153670785734e-05 0.9719666855232371
0.028004898287044257 1.7643049555220345e-06 0.9719933374080002
0.028002478397192793 8.717939067185541e-05 0.9719103422121352
0.028001327156344614 0.00012825255806458714 0.9718704202855908
0.02800296086370383 7.012358997003548e-05 0.9719269155463262
0.02800352964542488 4.952309688476611e-05 0.9719469472576904
0.02800414328838784 2.7671440788633105e-05 0.9719681852708235
0.02800314699231408 6.338348043097175e-05 0.9719334695272549
0.02800405844459461 3.097059826564721e-05 0.9719649709571397
0.02800238345018869 9.199988132919674e-05 0.9719056166684822
0.028005984296048694 1.7197599720434712e-05 0.9719768181042309
0.02800895479654716 1.1083582049039434e-05 0.9719799616214039
0.028018332211251946 1.1220330312447585e-05 0.9719704474584356
0.028057457835213052 2.294239887709648e-06 0.9719402479248992
0.02803487976232578 1.878982945996756e-06 0.9719632412547282
0.028038450032457356 7.011706085735521e-07 0.9719608487969341
0.028063111360138775 4.090049710181283e-08 0.9719368477393641
0.028028769077056582 1.0815384225931964e-06 0.9719701493845209
0.028025972816269396 9.752981679372884e-08 0.9719739296539137
0.02803894343698688 2.6534907768789234e-08 0.9719610300281053
0.028029078308307233 3.6172412237921387e-09 0.9719709180744515
0.02803615551003514 3.047545755651891e-07 0.9719635397353893
0.028035381084754885 2.469808124483448e-07 0.9719643719344326
0.02804794881698784 1.258432051522595e-08 0.9719520385986916
0.02803408784930873 4.3905024117972316e-08 0.9719658682456671
0.028035130136492756 9.968894419368169e-08 0.971964770174563
0.02803526393200299 1.5960161990146493e-08 0.9719647201078351
0.028035123485297467 2.1663111087589913e-08 0.9719648548515913
0.028035212725768963 2.8525492487397608e-08 0.9719647587487387
0.028035110767383797 2.7563631993252807e-09 0.971964886476253
0.028037370738936626 1.1233360107127545e-08 0.9719626180277032
0.02803672270849816 1.4331191613416412e-08 0.9719632629603102
0.02803689280503615 1.27721390103803e-07 0.9719629794735738
0.028034316726431828 6.553091832856347e-06 0.9719591301817354
0.028034423560607844 1.5753832407243285e-06 0.9719640010561513
0.028034177141458404 9.903239763623289e-06 0.9719559196187779
0.028034324788179035 4.3571500532364776e-06 0.9719613180617678
0.028034424702849146 2.278982060936613e-07 0.9719653473989447
0.02803418675601881 8.230414497796232e-06 0.9719575828294834
0.028034281446755124 4.770904891003797e-06 0.9719609476483538
0.028034174023414134 8.519120862390575e-06 0.9719573068557235
0.028034366039443707 1.6571740057037855e-06 0.9719639767865507
0.0280341041612598 1.088101011678997e-05 0.9719550148286235
0.028034279575858537 4.756231312935181e-06 0.9719609641928285
0.028034358369462088 1.6836587344687551e-06 0.9719639579718036
0.028034149516395254 8.514134813217237e-06 0.9719573363487916
0.028034446995243965 4.662254604332006e-07 0.9719650867792956
0.028034375339877186 2.652608211869079e-06 0.971962972051911
0.028034293166570978 7.4017747945350934e-06 0.9719583050586346
0.02803485285908293 1.0699883237432897e-07 0.9719650401420846
0.028036389535774954 5.76131243179876e-07 0.9719630343329819
0.028030237323851775 6.507443004977883e-07 0.9719691119318477
0.02803952448118958 8.550080999543712e-07 0.9719596205107105
0.028088666598254187 1.4313231309311868e-07 0.9719111902694327
0.02802279326236854 9.641888520841178e-07 0.9719762425487792
0.02802541139872433 3.554769359633433e-06 0.9719710338319161
0.028025259568124673 9.995044763620099e-08 0.9719746404814277
0.028024504960363763 1.0105964006575506e-06 0.9719744844432356
0.028031734687649457 7.848277594071222e-06 0.9719604170347564
0.028042489427319454 6.62096701134934e-06 0.9719508896056691
0.028025053497796312 2.866222103804867e-05 0.9719462842811657
0.027999805478886128 0.00011823818108099521 0.9718819563400329
0.027996597058787646 3.647255704837323e-06 0.9719997556855074
0.027989793414243718 0.00030228183501299907 0.9717079247507433
0.027988154446024698 0.0002930417691241817 0.9717188037848512
0.028020347306214978 6.164655127494057e-06 0.9719734880386575
0.0279832241598828 0.00016673833236848776 0.9718500375077488
0.027973579543681012 0.0003179628993644348 0.9717084575569546
0.028000404891874085 7.081777558710741e-06 0.9719925133305671
0.027983038340872308 0.00013700680262343973 0.9718799548565041
0.027978291529979934 8.739814038067687e-05 0.9719343103296394
0.0279693831091556 0.00026951195412874883 0.9717611049367156
0.02797185822771666 0.0001566293046755796 0.9718715124676077
0.027959116708147463 0.0004697973479920223 0.9715710859438605
0.027958111509569058 0.0005013513181352519 0.9715405371722957
0.027971580616845886 4.389395471098072e-05 0.9719845254284432
0.02796526469417937 0.00027917881664084955 0.9717555564891799
0.027970040163059595 0.00016127515945222234 0.9718686846774881
0.027972425036072706 5.8463010189844125e-05 0.9719691119537376
0.027976721426056637 0.00036914508811849333 0.971654133485825
0.02795827334245943 0.0006503415889652467 0.9713913850685753
0.027970456574530896 0.00025315523870599006 0.971776388186763
0.027963851860405745 0.0005740145553802417 0.9714621335842141
0.02798734975656378 0.00040289850390982083 0.9716097517395264
0.02802142246040931 1.5872181080431096e-05 0.9719627053585103
0.028011676194731293 8.296874974564475e-05 0.9719053550555231
0.02802701929783255 3.582633156421346e-05 0.9719371543706032
0.028097124979138886 5.547759524573033e-06 0.9718973272613365
0.02806249498137951 1.5649244250964305e-06 0.9719359400941954
0.02807541958011324 6.241654850852097e-05 0.9718621638713782
0.028124250549010344 0.00012016032621789134 0.9717555891247717
0.028060281887161156 3.1136283134281923e-06 0.9719366044845253
0.028055414140365373 0.00010426081071250016 0.971840325048922
0.02808261263305028 0.00015195021842562612 0.971765437148524
0.02806986870833405 2.0932422292894836e-06 0.9719280380494366
0.02815860204581362 2.137995531882656e-06 0.9718392599586546
0.028072997002307774 0.00015285691629435632 0.9717741460813979
0.028080790542130456 0.00023585886140386526 0.9716833505964656
0.02808154934602852 0.00016801214882848905 0.971750438505143
0.028081588556427964 0.00017226733168949643 0.9717461441118825
0.02808569190012131 0.0001275404886022808 0.9717867676112764
0.02808675987759894 3.9115990724721065e-06 0.9719093285233286
0.028085073616026284 7.423988403051354e-05 0.9718406864999432
0.028085495226030956 0.00013178843972657138 0.9717827163342425
0.028088144334233563 1.0051522061911248e-05 0.9719018041437044
0.02808133470815363 0.00025081113672283095 0.9716678541551236
0.028081105415442276 0.0002638191969688006 0.971655075387589
0.028083794703819852 0.00025282302229110223 0.971663382273889
0.028097840060676473 5.352679551357809e-05 0.9718486331438099
0.028110999528848424 1.6511936772319178e-06 0.9718873492774744
0.02811372743960777 4.432366021728362e-05 0.9718419489001751
0.028149576437064654 1.8440672142825136e-06 0.9718485794957211
0.028123696721455534 3.4004947108962112e-06 0.9718729027838335
0.028116358630573133 5.070545229933664e-05 0.9718329359171274
0.028149935504975798 3.217871545247353e-06 0.9718468466234791
0.028110239299532765 9.434070533576951e-05 0.9717954199951315
0.028129478615169533 8.993692956526606e-05 0.9717805844552652
0.02811771233417499 0.00012811490169603446 0.9717541727641289
0.028115263120485637 9.030625958221678e-05 0.9717944306199321
0.028136369804382923 3.158217253228964e-07 0.9718633143738918
0.028190262330852867 4.020401532735135e-06 0.9718057172676144
0.028141553562187414 1.97343262928831e-06 0.9718564730051833
0.028163328403381246 4.3093618498813325e-06 0.9718323622347689
0.02814594501151091 5.335928147472432e-09 0.971854049652561
0.028149850431399275 1.170389948378326e-07 0.9718500325296059
0.028138694248501836 1.9567518989454184e-08 0.9718612861839792
0.028157227771178486 8.633810520626035e-09 0.971842763595011
0.02819744662499363 6.285781577660865e-09 0.9718025470892249
0.028157086956320514 2.8201689970350267e-08 0.9718428848419894
0.028154256859086648 9.970616870532393e-08 0.9718456434347446
0.028154016099188776 1.0502086165801572e-07 0.9718458788799497
0.028153454761055685 1.7856863007591038e-07 0.9718463666703143
0.028153280346424187 8.810839312132602e-09 0.9718467108427365
0.028153623113883478 4.027316227798298e-07 0.9718459741544936
0.02815359679560536 3.085512659934344e-07 0.9718460946531287
0.02815363378544497 9.892456716752874e-08 0.9718462672899878
0.028153629360196098 6.011501720584212e-08 0.9718463105247866
0.028153622822101616 3.083341480023525e-07 0.9718460688437504
0.028153636180287604 9.20280600653304e-08 0.9718462717916524
0.028153639346914103 2.4870368145168704e-08 0.9718463357827177
0.028153634898515974 3.23805592645291e-08 0.9718463327209247
0.02815363692859593 5.746977022948353e-08 0.9718463056016339
0.028153638928131258 6.456646539043117e-09 0.9718463546152223
0.028153667648137752 2.617113298453542e-08 0.9718463061807293
0.028153637494061565 2.4813424418325407e-07 0.9718461143716942
0.02815363908199446 2.434401305166051e-07 0.971846117477875
0.02815383043487081 7.978803160057792e-09 0.9718461615863261
0.028153689720787054 2.3636301223770765e-09 0.9718463079155828
0.02815371099102236 2.071370875562371e-09 0.9718462869376068
0.02815378262190318 4.383695048311848e-09 0.9718462129944018
0.02815370324808148 3.152862360208154e-11 0.97184629672039
0.028153757835018063 3.573455649495174e-11 0.9718462421292473
0.02815383981319012 5.1308134457110455e-12 0.971846160181679
0.02815372515725773 2.417629365757984e-10 0.9718462746009793
0.028153702131796753 3.112772183428796e-11 0.9718462978370754
0.028153874749871455 1.2660705501364935e-11 0.9718461252374679
0.028153750153698153 9.037371017507401e-11 0.9718462497559281
0.028153742055331162 4.665869770707316e-11 0.97184625789801
0.028153745442376255 8.399052289540289e-12 0.9718462545492246
0.028153745708165673 1.105058081875826e-11 0.9718462542807836
0.028153746145511034 2.2722091510047586e-09 0.9718462515822799
0.02815374617022598 1.6905390696933077e-09 0.971846252139235
0.028153746188159145 5.924413796636165e-10 0.9718462532193994
0.028153746158995123 1.7666142984959798e-09 0.9718462520743906
0.02815374614477999 2.093388964803517e-09 0.971846251761831
0.028153746218444135 1.0219335570479727e-10 0.9718462536793626
0.028153746217861427 1.625082177129168e-10 0.9718462536196304
0.028153746202794892 3.7608016426191777e-10 0.9718462534211249
0.02815374621264689 2.2038086785986578e-10 0.9718462535669723
0.02815374622430064 3.554389707332254e-11 0.9718462537401555
0.028153746316290175 8.235336872053446e-11 0.9718462536013563
0.028153746296464707 5.26776952686231e-11 0.9718462536508575
0.02815374621670962 9.40128871229167e-10 0.9718462528431615
0.028153746182220475 1.886069707570712e-09 0.9718462519317097
0.028153746189518217 1.8620543174412986e-09 0.9718462519484274
0.028153746394197793 3.961216223733395e-10 0.9718462532096807
0.028153746427937772 2.3709903945834192e-11 0.9718462535483522
0.02815374655008676 1.0616760650554388e-09 0.9718462523882371
0.028153746632608303 4.0048269261655616e-12 0.9718462533633869
0.028153746642068326 3.085934936870657e-12 0.9718462533548458
0.028153746940471458 1.8185347622564245e-10 0.9718462528776751
0.028153746639169225 1.7309421758891105e-10 0.9718462531877365
0.028153746838550736 2.0201298526879278e-11 0.9718462531412481
0.02815374731788022 1.8083138314291835e-12 0.9718462526803114
0.028153746880034167 8.754681898261469e-12 0.9718462531112112
0.028153746744925875 2.659570009807685e-13 0.9718462532548082
0.028153746888575092 2.3587525465421557e-12 0.9718462531090661
0.028153746427925373 1.7030912360580337e-13 0.9718462535719042
0.028153746341793257 1.4516702387043954e-13 0.9718462536580615
0.02815376100416733 5.0510793211051e-13 0.9718462389953275
0.028153739755437304 6.289756458467383e-12 0.9718462602382728
0.028153775311047412 3.523596469595462e-13 0.9718462246886002
0.02815627237308704 5.864514143995692e-13 0.9718437276263264
0.02815338080769037 1.2227149830440953e-10 0.9718466190700382
0.028191821166476914 2.1201299882235744e-12 0.971808178831403
0.028143456631700606 7.402116333287818e-11 0.9718565432942782
0.028150263883223985 4.175178560669616e-09 0.9718497319415974
0.02815013787732034 3.643478824018199e-09 0.9718498584792008
0.028164309279544063 4.4520744900581515e-09 0.9718356862683813
0.028166240850913446 4.345248127310732e-08 0.9718337156966053
0.028224675185036574 8.584337224437618e-09 0.9717753162306263
0.02816483148772517 4.0736545402296576e-07 0.9718347611468208
0.02812000377656128 2.42379359463335e-05 0.9718557582874925
0.02813234539902547 2.5605698669397804e-05 0.9718420489023052
0.0281112721050055 5.685408598230362e-05 0.9718318738090121
0.02808192693302807 0.00045035609781501163 0.9714677169691569
0.02814422257983127 4.3336721215402646e-05 0.9718124406989533
0.028085739671945848 0.00018362985743252655 0.9717306304706217
0.028068273592555388 0.0008231345425912288 0.9711085918648534
0.028080389973741026 0.0002986302377368639 0.9716209797885221
0.028080656584811545 0.0002505517369559123 0.9716687916782325
0.02804918991754784 0.0013787664747864487 0.9705720436076657
0.028071036567539526 0.0005907846883645123 0.971338178744096
0.028038781647183063 0.0017296171158678133 0.9702316012369492
0.0280774586109791 0.00035254731978103914 0.9715699940692399
0.028059492072339723 0.000992287300610824 0.9709482206270496
0.028067369715503755 0.0007115732325844742 0.9712210570519119
0.028036264940254716 0.001816162386805934 0.9701475726729394
0.028087059586538475 7.241512295495484e-05 0.9718405252905066
0.028038988275634537 0.0017580418262031993 0.9702029698981623
0.028099533850877625 5.5873407816527034e-05 0.9718445927413057
0.02805307311772604 0.001571016073634869 0.9703759108086392
0.028023674222435357 0.002131441458739588 0.969844884318825
0.029307092063691954 0.0009086604363580707 0.96978424749995
0.02560316610523591 0.000464492774637193 0.9739323411201268
0.04621756451369454 5.156123827647426e-05 0.953730874248029
0.03621768400275212 0.00010507932985762188 0.9636772366673902
0.025376164505714466 0.0004997449343534927 0.9741240905599321
0.028367957149184043 7.153251162273065e-05 0.9715605103391932
0.04761949600703069 8.927326694969536e-06 0.9523715766662744
0.03735479267903198 7.527639368084776e-05 0.9625699309272873
0.04460482118064871 4.793024420146064e-06 0.9553903857949312
0.02005706302674097 0.002726589639569067 0.9772163473336899
0.029297939493546903 0.0008411031720008396 0.9698609573344522
0.012775253167869158 0.04674214347693501 0.9404826033551958
0.011530436214318523 0.1957624571089819 0.7927071066766995
0.0011247315959735246 0.9695533464510137 0.029321921953012774
0.002358724336605815 0.9535439837685016 0.04409729189489263
7.039126990296545e-05 0.9904041610057429 0.009525447724354109
1.2960634163040131e-05 0.9973324739435065 0.0026545654223304777
5.2736676030028586e-05 0.9941517125582862 0.00579555076568385
5.603200576016437e-06 0.9999384200341894 5.597676523450361e-05
6.1516939367875415e-06 0.9999419177700708 5.1930535992552174e-05
1.9985920823872213e-05 0.9998629567434262 0.00011705733575009851
9.969949224841261e-05 0.9993850654057794 0.0005152351019720529
2.36451590105207e-05 0.9998647456404456 0.0001116092005438976
7.960099762992961e-06 0.9999555338787298 3.650602150714444e-05
1.0034582215110344e-05 0.9999439235195382 4.604189824664338e-05
2.007482432669923e-05 0.9998894145574966 9.05106181766454e-05
8.016093211364802e-06 0.9999566654962261 3.531841056244901e-05
8.092970891811075e-06 0.999966983373079 2.4923656029231984e-05
2.3930519489153026e-05 0.9999500103371473 2.6059143363642727e-05
0.0007444247958370241 0.9989081098960352 0.00034746530812788706
0.0021042385321536883 0.9974341421109717 0.00046161935687465675
0.0008223458114195084 0.999096646427949 8.100776063141334e-05
0.0016575728299325293 0.9963801197307451 0.001962307439322458
0.009079584416388228 0.9862875750096434 0.004632840573968511
0.2669391972066785 0.6966509507334944 0.036409852059827094
0.13324966606870353 0.8531560341093699 0.013594299821926694
0.9590097196125837 0.00023416630654436577 0.04075611408087182
0.9586284957096692 8.646886678095589e-06 0.04136285740365264
0.9753632227110316 5.528174463906659e-05 0.024581495544329295
0.9750558213246374 0.00037408570823303767 0.024570092967129448
0.9356622737936167 0.022690127524799136 0.041647598681584234
0.9320519788288547 0.03048770290229377 0.037460318268851496
0.5707201180202744 0.40116378003707454 0.02811610194265101
0.6993510620692022 0.27636922723292395 0.024279710697873776
0.685929401906278 0.29055502080794315 0.02351557728577874
0.9657235401677354 0.02272729951458192 0.011549160317682607
0.7894322438945462 0.19658934866113736 0.013978407444316237
0.06544889904878527 0.9306301702649599 0.003920930686254979
0.01323920800909192 0.9850707628211299 0.0016900291697781325
0.02309004300731727 0.9759868204971669 0.0009231364955158344
0.003311488126551388 0.9966222899367785 6.622193667004306e-05
0.002652618047910262 0.9972989261014515 4.845585063822103e-05
0.0015377553733027325 0.9983619903067038 0.00010025431999327718
0.0003235230906828886 0.9996243299702843 5.2146939032800924e-05
0.00019126162560034157 0.9997577416651218 5.099670927788494e-05
8.58298031370922e-05 0.9998716061848105 4.256401205244754e-05
0.0011772306835711455 0.9975662927733636 0.001256476543065304
0.0001609627877526648 0.9996166493064159 0.00022238790583130284
7.150303222516501e-05 0.9995017453791242 0.0004267515886507247
0.0004948754724414646 0.9778860240014926 0.021619100526065808
0.0005252762416793612 0.9538377673680057 0.04563695639031485
0.00011535827390828774 0.9865707891530592 0.013313852573032465
0.00016141724158964468 0.9784262019801022 0.021412380778307906
0.005646120480893131 0.5147058097030198 0.47964806981608704
0.0002769218171813557 0.9810397495549855 0.01868332862783316
0.00039755919879741654 0.926287909448221 0.07331453135298152
0.001303471783233693 0.8838594552739556 0.11483707294281063
0.001164922026268179 0.8621365110305989 0.13669856694313298
0.0043092493133308684 0.7631322963441803 0.23255845434248884
0.03229730508283033 0.1037831228852078 0.8639195720319619
0.022755552721570663 0.19686043936007366 0.7803840079183556
0.0723686762952671 0.0024947740135685234 0.9251365496911643
0.015882846055162953 0.004644085293701964 0.9794730686511351
0.035871572492987454 0.04113498611537654 0.922993441391636
0.024828701583809547 0.019152152067110743 0.9560191463490797
0.024218587377265288 6.106516791582005e-05 0.975720347454819
0.04728625237057614 5.981726940012338e-08 0.9527136878121545
0.025577114858044495 4.914356624723711e-07 0.974422393706293
0.04474978181483556 1.8128139898080418e-07 0.9552500369037655
0.03065806091515937 5.001609213328544e-05 0.9692919229927073
0.023705148784618893 0.0006418007010406251 0.9756530505143405
0.031161078775712562 0.0012576800151495012 0.967581241209138
0.02566829388866916 0.002251426951646635 0.9720802791596841
0.021264318512966535 0.0022263937153599754 0.9765092877716735
0.026893287380691622 0.0006334684415063167 0.972473244177802
0.027719596487356345 0.0007602849627373982 0.9715201185499063
0.028341791688346506 0.0013558716266252274 0.9703023366850283
0.0317568626942428 0.010033279843722345 0.9582098574620348
0.02607122853502374 0.0016572150653823108 0.972271556399594
0.024516029186346742 0.6023725021978594 0.37311146861579386
0.010283401400073175 0.8507072946096427 0.13900930399028424
0.02189327461932493 0.8238149299279288 0.15429179545274613
0.04798932547293229 0.6226917438689881 0.32931893065807955
0.009861200660634407 0.9700747543882701 0.020064044951095504
0.008878420911592603 0.9777978984683925 0.013323680620014919
0.03343270829362601 0.9154859991146456 0.05108129259172839
0.2584771083356391 0.4681837551341948 0.2733391365301661
0.011790159313525091 0.9720057672672539 0.016204073419221064
0.081753270225103 0.8346229014829255 0.08362382829197143
0.0828884291302522 0.8433002869913094 0.07381128387843829
0.29733677098574113 0.5042232046340134 0.1984400243802455
0.011377589024375 0.9866217062824211 0.0020007046932038553
0.01135211281032424 0.98775008714182 0.0008978000478555905
0.011582645963853703 0.9877891680083184 0.0006281860278277237
0.056193883570400734 0.9408142528129295 0.002991863616669675
0.00808063336362728 0.9914991110301448 0.00042025560622804565
0.05651345321387666 0.9405222729944064 0.002964273791717017
0.008567036943918539 0.9909810961678736 0.00045186688820789757
0.0720952530319013 0.924342173988549 0.0035625729795495456
0.011750801208845254 0.9876676084926956 0.0005815902984591504
0.01353088179727721 0.9858396671499097 0.0006294510528131163
0.018653332354184364 0.9807174684313942 0.0006291992144214704
0.3768065761937511 0.6221180454692187 0.0010753783370303675
0.460362619024964 0.5382745763443422 0.0013628046306937045
0.8821013062416182 0.11638567801986953 0.0015130157385121956
0.6127644915280666 0.385661317247985 0.0015741912239484106
0.9682613084255157 0.02990807104240079 0.0018306205320834542
0.8536353067990116 0.14389913382002947 0.002465559380958958
0.9984686667759867 0.0007747456901874133 0.0007565875338259184
0.9985879701737287 0.0006542608773316795 0.000757768948939621
0.9613091135703634 0.03700385754100928 0.0016870288886273262
0.8659846191782057 0.132691475925951 0.0013239048958431352
0.7959683430817867 0.20220188330324168 0.0018297736149716414
0.796980994838925 0.20180950210635645 0.0012095030547184377
0.019842313457016397 0.9800494031742945 0.0001082833686890918
0.002363802323405677 0.9976045439471058 3.165372948852212e-05
0.0012844643871339617 0.9986982765651768 1.725904768925973e-05
0.0008808318763562933 0.9990993650643829 1.9803059260851512e-05
0.00013895046795179845 0.9998456058047271 1.5443727321059978e-05
0.00013501431497634503 0.9998494661425649 1.5519542458931278e-05
0.00013764393889303099 0.9998467566980254 1.5599363081594745e-05
0.001729206178044122 0.998069371043553 0.00020142277840301057
0.00010887298605380008 0.9998777976148479 1.3329399098284505e-05
0.0004243809324383433 0.9995233709825974 5.224808496430131e-05
0.0002478504977056096 0.9997187067251377 3.3442777156651894e-05
0.00042789938707935493 0.9994619405773519 0.0001101600355686087
0.00014031793780782675 0.9997414015256489 0.00011828053654321471
0.0007251720944804273 0.9974139542197524 0.0018608736857669784
0.00018595477500645458 0.995700637856671 0.004113407368322601
0.0007852174997936591 0.9765817229594975 0.022633059540708805
0.0013856709215872595 0.9219127130468892 0.07670161603152358
0.00020743103077784666 0.9792585131796195 0.020534055789602604
0.00019936760311390232 0.9500084240388875 0.04979220835799862
0.004967436451974641 0.2375506030968305 0.7574819604511949
0.001711720392176099 0.5289540388522777 0.46933424075554625
0.0007168780184143318 0.818084014467988 0.18119910751359758
0.001197871301270167 0.3412007923014124 0.6576013363973174
0.0017253150032707975 0.010318203619900126 0.987956481376829
0.002381786901403437 0.0025771037447210707 0.9950411093538755
0.002680886075625917 0.000593187035978543 0.9967259268883955
