inside membrane outside
0.1292967233731664 0.0 0.8707032766268336
0.11152547879622057 9.74755988371051e-09 0.8884745114562196
0.22909847047845097 2.2199793934703407e-09 0.7709015273015696
0.12929671182597463 3.4626209531997603e-08 0.8707032535478159
0.129295308622265 8.790047150149775e-07 0.87070381237302
0.0808347106056892 3.722291676448123e-08 0.919165252171394
0.12918569156566903 6.616944210008404e-05 0.8707481389922309
0.11834408517183301 4.630541915244486e-05 0.8816096094090146
0.07624967360394881 0.0002483703700517035 0.9235019560259995
0.12639406252109114 0.00014415576859780658 0.8734617817103111
0.10813304790397385 3.081063180613878e-05 0.89183614146422
0.10779091351688232 0.00033071659491717303 0.8918783698882005
0.10765730782787648 0.00017752692495804433 0.8921651652471654
0.10743903488984088 0.002047077459020841 0.8905138876511383
0.1076528681283068 4.422587211710622e-05 0.8923029059995762
0.10757909414471771 0.0007440445355195349 0.8916768613197628
0.1075761437244801 0.0007497836211114741 0.8916740726544085
0.10763061213525461 0.00023301444519750487 0.8921363734195479
0.10761462950089541 0.00038586642075624995 0.8919995040783484
0.10753678903594134 0.0011233429733781993 0.8913398679906805
0.10751042166097972 0.0028804817787295156 0.8896090965602909
0.10657336066597023 0.0025770416096133554 0.8908495977244164
0.10735140664811756 0.00034189245505075744 0.8923067008968316
0.10692366956109511 0.00032684054985716854 0.8927494898890478
0.10636929202411663 0.0017151399940335754 0.8919155679818498
0.10439827173955415 0.0016737979226075029 0.8939279303378384
0.08260903075489665 0.00012765707587223277 0.9172633121692311
0.12153712125631048 9.05908310644992e-05 0.878372287912625
0.1629231128382217 1.618514022172918e-06 0.8370752686477562
0.09511933226522323 7.727457443008991e-05 0.9048033931603466
0.11771638096415017 0.0019191288746602407 0.8803644901611896
0.10935562198782103 0.024169976360032618 0.8664744016521464
0.07154037612407671 0.06924098979657532 0.8592186340793481
0.11860710676424342 0.007572900616742416 0.8738199926190142
0.06277440787879951 0.016944457904726633 0.920281134216474
0.1236214204454998 0.2564973919966593 0.6198811875578408
0.019024728120929427 0.7888204996741678 0.19215477220490293
0.00818371904419038 0.9150930608070926 0.07672322014871694
0.018384692856755685 0.6989955252606744 0.28261978188257
0.002778673426819284 0.9560854841630557 0.04113584241012492
0.0029516191361675663 0.9866912694245534 0.010357111439279016
0.0020461806416546004 0.9928819475926266 0.005071871765718829
0.0035710130373435827 0.9923211926092089 0.004107794353447525
0.0017466629780407662 0.9975394972494861 0.000713839772473212
0.0009768282180208946 0.9988809545156272 0.00014221726635181626
0.0017022471460771348 0.9982731337213944 2.461913252848408e-05
0.0006646934731169895 0.9993303777025141 4.928824368923795e-06
0.0006647405500880192 0.9993305203945512 4.739055360838737e-06
0.0007546056340484416 0.999239249503762 6.144862189581649e-06
0.0017290308029871472 0.9982550173387507 1.5951858262310915e-05
0.0010096586564934686 0.9989756740331831 1.4667310323476716e-05
0.001077873718477765 0.9988929365071325 2.918977438965424e-05
0.004309333160976544 0.9955610071721372 0.000129659666886184
0.012352632413197038 0.9870952283743554 0.00055213921244755
0.008080295783071905 0.9916811736775115 0.0002385305394166854
0.6633180281852025 0.2969892812725571 0.0396926905422404
0.031094405577029697 0.9669096292286591 0.0019959651943111862
0.04179977998057622 0.9567803147608366 0.0014199052585872765
0.9195362034547419 0.055006262134499585 0.025457534410758546
0.6600170981215586 0.282159747167738 0.05782315471070346
0.549324745414808 0.374410266270428 0.07626498831476401
0.9428802248295416 0.01272074199555488 0.044399033174903534
0.6664325166941288 0.21030487716295596 0.12326260614291527
0.8212427727698131 0.0005698583442640315 0.17818736888592285
0.9341217476759137 3.988701418170633e-06 0.06587426362266818
0.8811326376903971 1.629199996844155e-05 0.11885107030963442
0.8572030071016318 5.285664039991886e-06 0.1427917072343282
0.8704216215252201 7.358788180531616e-06 0.1295710196865994
0.8998575958507368 2.917938199895514e-05 0.10011322476726425
0.9076644423763504 5.301741146697956e-05 0.0922825402121826
0.8310242142892943 7.075640873768866e-06 0.16896871006983194
0.9377122686136934 1.1297908635946688e-06 0.06228660159544314
0.8691412704142676 0.0018619699711237027 0.12899675961460869
0.9046325349080836 0.00778805647311149 0.08757940861880498
0.8406304896225814 0.03596159236792985 0.12340791800948893
0.7967051801117332 0.13403845263802416 0.0692563672502426
0.8816911244669422 0.02897168125923148 0.08933719427382622
0.8588907461028279 0.05322057768367811 0.08788867621349404
0.0933469959358972 0.8696818756275297 0.03697112843657303
0.07600809261812465 0.8900455643208324 0.033946343061043056
0.6355018494029853 0.2656982185923816 0.0987999320046332
0.12463981773241231 0.8005179988160595 0.07484218345152825
0.19275955825948582 0.6799948211304876 0.12724562061002662
0.004642999700332857 0.9531019635942348 0.0422550367054324
0.0012912383538098626 0.9754833022807394 0.023225459365450677
0.0008123142767709341 0.9770363333893298 0.02215135233389934
0.0006852963219089773 0.9771171524717767 0.02219755120631448
0.013477203881399703 0.6158803622296141 0.37064243388898616
0.0008101413116617979 0.9441449907273743 0.05504486796096381
0.00031687632512059853 0.9770006591612601 0.02268246451361923
0.00030818221711107407 0.9773384625213836 0.022353355261505423
0.0005442802145046378 0.9600943282792199 0.03936139150627546
0.00031424863754709974 0.9770147946711004 0.022670956691352512
0.000338324014272635 0.976079591266038 0.023582084719689266
0.00041426294329432805 0.9761915409126246 0.023394196144081062
0.0014400704029626746 0.96316844019298 0.0353914894040574
0.045965414850232596 0.5933430610395038 0.36069152411026356
0.008323313532830808 0.9158606963458557 0.0758159901213136
0.04322482664356464 0.699377554282892 0.25739761907354325
0.08242521776992515 0.3402103823370458 0.5773643998930291
0.015075949789959001 0.8772781903836383 0.10764585982640273
0.03548292677740469 0.045085465016282626 0.9194316082063128
0.03572508964317046 0.14649069449190563 0.8177842158649239
0.12421113813724252 0.015559920722304159 0.8602289411404533
0.04430094042050871 0.13123531608387162 0.8244637434956197
0.04729539556631089 0.14704542710214277 0.8056591773315462
0.03736655469396037 0.00331274913608828 0.9593206961699513
0.046745268091881634 0.0884274070085861 0.8648273248995322
0.06493741292322343 0.005924125601746414 0.9291384614750302
0.007970414518930595 0.7180645751036728 0.27396501037739657
0.00377052897286732 0.981360281675805 0.014869189351327704
0.00632410796804628 0.9833475159850033 0.010328376046950546
0.005938705708725003 0.9923127810283456 0.0017485132629294377
0.003770769217588047 0.9957605956646008 0.00046863511781114226
0.011078920593817456 0.9879786713437092 0.0009424080624733415
0.010832960661853788 0.9890261553167474 0.0001408840213988769
0.004482182630308813 0.9954554941037419 6.232326594938246e-05
0.0035659670658187725 0.9963945502877715 3.9482646409812923e-05
0.01050538308400457 0.9893800701352283 0.00011454678076710225
0.002427271381415601 0.9975465415035306 2.6187115053679717e-05
0.008891697127230942 0.991007680835128 0.00010062203764091698
0.008895752533831685 0.9910019398061043 0.00010230766006401863
0.0035951470274214253 0.9963631991868384 4.165378574020758e-05
0.0037614021096233504 0.9961920950084232 4.650288195334143e-05
0.003306154019711162 0.9966265716960094 6.727428427946929e-05
0.03513163269975976 0.9593586384995596 0.005509728800680554
0.004857086682577172 0.994376214179386 0.0007666991380368059
0.19164298152802764 0.7964087167880218 0.01194830168395059
0.5776873401365163 0.4163554862246607 0.005957173638823063
0.25882728166846997 0.7346902769158367 0.006482441415693529
0.9574595241659181 0.005266225519773269 0.037274250314308616
0.9525535006128608 0.018223333316464075 0.02922316607067509
0.9354947477027453 0.01031621001214861 0.05418904228510601
0.9828576295435801 0.0009432238095111658 0.01619914664690882
0.14567423627028267 0.8399052925344027 0.014420471195314696
0.24310332407293347 0.7372692543380758 0.019627421588990664
0.08787773769157604 0.9052373705903127 0.006884891718111266
0.3769601696553173 0.5487555583318214 0.07428427201286131
0.34951056927110696 0.6025151335215458 0.04797429720734714
0.07561908299252103 0.9105650699741906 0.013815847033288486
0.11763996955803707 0.8459098545482898 0.03645017589367312
0.006393304000880537 0.9862507770837757 0.007355918915343672
0.0005858998797867245 0.9927729316578263 0.006641168462386861
0.0008195711713735548 0.9872456845371923 0.011934744291434141
0.0002364698441765 0.9947606972324389 0.005002832923384608
0.0006416596721959063 0.9844248879889101 0.014933452338893953
0.002148163101620919 0.9462232838590199 0.05162855303935919
0.0002606630771861354 0.9933873037674869 0.006352033155326977
0.00025943428197725547 0.9933983123085092 0.006342253409513537
0.0008552367533372988 0.9801640033022815 0.018980759944381167
0.0002038085115783021 0.9953581044934077 0.00443808699501397
0.00030908003983990486 0.9931531336788844 0.006537786281275718
0.0184607463713459 0.8919860812680896 0.08955317236056447
0.006524303098882513 0.9599123248007752 0.03356337210034218
0.004739387728894768 0.9737787087686071 0.021481903502498217
0.0019314931589447912 0.9767096850566913 0.021358821784363827
0.0021966684938343035 0.9639070813799062 0.03389625012625956
0.01270656174118084 0.367512036618066 0.6197814016407532
0.03223847957534303 0.06666566599356409 0.9010958544310929
0.02280889248243558 0.014401677667425082 0.9627894298501394
0.017963608235927808 0.21371664620004197 0.7683197455640303
0.021962047006903546 0.13556634909555257 0.8424716038975439
0.029234470723407013 0.03490178914353795 0.9358637401330551
0.018863328868079773 0.02233329639283621 0.958803374739084
0.019307468229142373 0.031378302489297315 0.9493142292815603
0.016612409715791948 0.0015406744356446906 0.9818469158485633
0.022358703577540703 0.15761361285381567 0.8200276835686436
0.016958519446754833 0.17075105727393391 0.8122904232793113
0.029126535418219447 0.07101492492873997 0.8998585396530405
0.025243532976136074 0.006753260785742946 0.968003206238121
0.025637531837618337 0.007981914401984955 0.9663805537603967
0.040378721641002153 0.4849010852017112 0.4747201931572867
0.0446568795256032 0.6130220312942359 0.34232108918016074
0.05229247995940623 0.6958326207024216 0.25187489933817225
0.012724771398773814 0.9469954443975016 0.04027978420372462
0.013223686302239015 0.9776716461954954 0.009104667502265608
0.018968741028852078 0.9788089194993498 0.002222339471798174
0.011372296808152398 0.9882054632654168 0.0004222399264306549
0.010935992414681843 0.9889173965967032 0.00014661098861492672
0.013489571587517952 0.9864057094919161 0.00010471892056599048
0.010783342000949447 0.9891494336106794 6.722438837107073e-05
0.010966407968057094 0.9889668111968483 6.678083509464324e-05
0.12097489131964874 0.8782900181547614 0.0007350905255897472
0.05319868225514242 0.9464810913587928 0.0003202263860646886
0.010601274127781208 0.9893354096097837 6.331626243516795e-05
0.05202023880153829 0.9476757084134417 0.0003040527850200548
0.012190440010359417 0.9877418305821495 6.772940749109222e-05
0.011445853088508661 0.9884995017878745 5.464512361681545e-05
0.020917779978080177 0.9790127343981431 6.948562377664899e-05
0.5719144094794318 0.42798515474285354 0.00010043577771474274
0.9613012312059764 0.03830342287835943 0.0003953459156641491
0.7084398176704468 0.2913741356678088 0.00018604666174434483
0.8145106197533549 0.1852778034928985 0.00021157675374666734
0.9820762062861232 0.017819333211776315 0.00010446050210036926
0.9491576222967884 0.05063896713428892 0.00020341056892271157
0.8176677369328905 0.18216656207798473 0.000165700989124581
0.8193173151900938 0.18043539586308951 0.0002472889468167732
0.9990434747782991 0.0007855309346151453 0.00017099428708569793
0.9988923607770547 0.0005706089510785001 0.0005370302718668123
0.9996395444733671 7.99716068564814e-05 0.00028048391977641545
0.9996740656841552 5.649892337914769e-06 0.0003202844235068486
0.9997010326801358 2.9153706936283073e-07 0.00029867578279502973
0.9996452988090213 1.1762250541279966e-05 0.00034293894043746026
0.9996983534026541 1.1387996640601212e-05 0.00029025860070522536
0.9996322947706779 1.315418142220202e-05 0.0003545510478999827
0.9996394202780431 8.73196533562772e-06 0.0003518477566211765
0.9996875021690117 1.7419245884004654e-07 0.00031232363852949814
0.9996980833732765 4.245001289323295e-09 0.00030191238172220283
0.9996922739006131 2.282334523155568e-10 0.0003077258711534384
0.9996920958812838 7.50332917739901e-10 0.0003079033683833079
0.9996923606007894 2.888070638429835e-10 0.00030763911040353756
0.999692137148595 2.5035857026432296e-08 0.0003078378155480664
0.9996920674084985 1.847860150834063e-08 0.00030791411289994797
0.999692399383337 3.967354919987308e-09 0.00030759664930809003
0.9996914919947038 7.741283269025123e-07 0.00030773387696934597
0.9996925499575011 2.822347956478161e-08 0.0003074218190193527
0.9996908648089332 1.7509215044500287e-06 0.00030738426956238105
0.9996924137880443 3.07696569857049e-07 0.00030727851538592694
0.9996923779902791 3.955134273404287e-07 0.0003072264962936066
0.9996904263919228 2.4162801319855293e-06 0.0003071573279451158
0.9996908228548946 1.9900858364704596e-06 0.00030718705926888987
0.9996928604773707 5.7236539530737153e-08 0.00030708228608966663
0.9996928044394324 5.198241962714322e-08 0.0003071435781480639
0.9996901706637478 2.797936890398195e-06 0.0003070313993619307
0.9996920174235829 9.755140007755683e-07 0.0003070070624162952
0.9996889270466273 4.067059699693702e-06 0.0003070058936730043
0.9996923905933969 6.151411687888637e-07 0.00030699426543430626
0.9996912892736605 1.718204850157769e-06 0.0003069925214892903
0.9996905939119495 2.402915304417352e-06 0.000307003172746021
0.9996926708710486 3.353804128842544e-07 0.0003069937485383825
0.9996929491425507 5.203413193794409e-08 0.00030699882331733543
0.9996889428493003 4.084595769549004e-06 0.00030697255493010054
0.9996893085299872 3.7148581236952354e-06 0.0003069766118892332
0.9996910863849374 1.8434061311791173e-06 0.0003070702089314176
0.9996925989398879 3.226995594447311e-07 0.0003070783605527147
0.9996918804650249 1.0538839775008836e-06 0.00030706565099758443
0.9996911790979194 1.6198999310719442e-06 0.0003072010021496172
0.9996928800459522 2.1207975073115092e-08 0.00030709874607275496
0.999692677454972 1.0708891638888871e-07 0.00030721545611154795
0.9996928075037929 4.059037086762441e-08 0.0003071519058363478
0.9996926557751361 1.5560351741283906e-07 0.0003071886213465671
0.9996921642084671 7.27575770672672e-07 0.00030710821576227697
0.9996926673845865 1.3924673539202145e-07 0.000307193368678075
0.9996928559064443 8.34731655249113e-09 0.00030713574623918096
0.9996924950051729 2.879984763422895e-07 0.00030721699635082787
0.9996927099468248 6.740185971316749e-09 0.00030728331298920166
0.9996923557881005 3.8915268187549076e-07 0.00030725505921758487
0.9996927242600324 5.010739374435428e-08 0.0003072256325738177
0.999692736301055 4.2369953212209914e-08 0.00030722132899162744
0.9996927058807095 7.988449512235931e-08 0.00030721423479536034
0.9996927334036717 5.144106616276327e-08 0.00030721515526220864
0.9996926645385735 1.293477900975132e-07 0.0003072061136363163
0.9996927744946736 7.858525301142575e-09 0.0003072176468010524
0.99969239536606 3.9239814913335893e-07 0.0003072122357908005
0.9996927135758463 7.683651358476407e-08 0.0003072095876400064
0.999692697332148 7.713437526825084e-08 0.0003072255334767278
0.9996925777565864 2.104192332407489e-07 0.0003072118241804486
0.9996925744047324 2.1193671083822225e-07 0.00030721365855674947
0.9996928958852284 2.125695496815229e-07 0.00030689154522187584
0.999697518145945 1.0013624284632514e-07 0.00030238171781216594
0.9996898899147321 2.3659867986449836e-07 0.00030987348658808174
0.9998222178907726 3.5462352204582455e-08 0.00017774664687513945
0.9995981745230117 1.336044433774001e-05 0.0003884650326505717
0.999606061098134 3.837166609371398e-06 0.00039010173525667673
0.9998286856786543 4.946635080564888e-07 0.000170819657837576
0.9992615856694304 0.00047293895509602235 0.0002654753754736164
0.9975226749715908 0.0021001847568825486 0.0003771402715265569
0.9997604357691977 6.898895711298995e-05 0.0001705752736892224
0.9513311742164517 0.04836607306411701 0.0003027527194311661
0.9896241668731459 0.010112251611923175 0.0002635815149309231
0.887290644696548 0.11241508611059957 0.0002942691928525136
0.5631990818731754 0.43639692115052 0.0004039969763045595
0.3382205917670084 0.6614201539585087 0.0003592542744829404
0.018015875566007 0.9819135643236118 7.0560110381256e-05
0.0024812486952399604 0.9974482423230282 7.050898173193898e-05
0.0010418361130781803 0.9988942538570155 6.39100299064261e-05
0.00492105424771933 0.9947482493049383 0.00033069644734243453
0.0009098379152123723 0.9990243791357876 6.578294900005435e-05
0.0009410913832684169 0.9989907273695162 6.818124721531471e-05
0.044201996468461846 0.952609984418338 0.0031880191132001765
0.0016333293486398464 0.9982481055096791 0.00011856514168103232
0.0007245742336825148 0.9992227600948558 5.2665671461670836e-05
0.0023454207606017144 0.9974838156264196 0.00017076361297864825
0.007747339644880705 0.9916858381583623 0.0005668221967569946
0.0006380141580177325 0.9993152139889793 4.677185300302713e-05
0.0016308040028146242 0.9982410514698741 0.0001281445273113331
0.0009607278464730799 0.9989223473707889 0.00011692478273816909
0.0010848028931781085 0.9986999865971864 0.00021521050963535998
0.0016383061103342688 0.9965010233735248 0.0018606705161410217
0.000706164642065653 0.9945611591317722 0.0047326762261620855
0.0011805278860527223 0.9770155113486673 0.021803960765280014
0.0012267209598178545 0.7748252523469304 0.22394802669325165
0.0045232797242122195 0.040303902621975085 0.9551728176538127
0.0025874274478335244 0.06861130087252311 0.9288012716796433
0.0024475944740691476 0.0157033162772688 0.9818490892486621
0.0021762278058489004 0.0004229117056722687 0.9974008604884789
0.0030143099331547147 9.887482429125392e-05 0.996886815242554
0.002668307121806052 0.0005675636087061057 0.9967641292694879
0.0021150252595929175 0.00027102303629255827 0.9976139517041145
0.0023932258452296906 1.8632661148256667e-05 0.9975881414936221
0.0017067347625907686 9.792419803536303e-05 0.9981953410393739
0.0025949643464825436 8.508288229370425e-05 0.9973199527712238
0.002571922940886663 4.694482396145263e-06 0.9974233825767171
0.002433798519967735 9.76448737696103e-06 0.9975564369926553
0.002467031045483486 3.4822391492284993e-06 0.9975294867153673
0.0024494711373332888 7.523991142746523e-05 0.9974752889512393
0.0024513941820043777 7.488729824394877e-05 0.9974737185197516
0.0024520086992533777 8.338768675592913e-07 0.9975471574238791
0.002451529582154761 7.30284484873341e-05 0.997475441969358
0.0024515467085735347 6.699180741955385e-05 0.9974814614840068
0.0024519586838177274 8.908618714705761e-05 0.9974589551290352
0.0024532674040548728 7.246496624597662e-06 0.9975394860993206
0.002412649005189705 9.445622829091593e-05 0.9974928947665195
0.0023425709077364047 8.906529222513801e-05 0.9975683638000384
0.002458312982407434 3.855599504205277e-06 0.9975378314180884
0.002505754128171436 1.935628790930506e-07 0.9974940523089495
0.0025754872416193842 2.0866398029071154e-08 0.9974244918919826
0.002540032656602641 1.6091496713641448e-06 0.997458358193726
0.003253239654964575 2.76495524457772e-06 0.996743995389791
0.002104184032841931 7.852511272676679e-06 0.9978879634558854
0.0021965237576861136 0.0002545562367862342 0.9975489200055276
0.002104685034773109 0.00019952087796503784 0.9976957940872618
0.003086187745113139 0.013355949958569686 0.9835578622963173
0.0022766274833929327 0.045375203036917666 0.9523481694796894
0.0017440407006115938 0.23358737635948104 0.7646685829399074
0.0014449991717287094 0.18490124967490676 0.8136537511533646
0.0025894938080104966 0.006181426128013359 0.9912290800639761
0.0021554149739169914 0.373028852730387 0.624815732295696
0.0006743910851358336 0.9854583682676972 0.013867240647167057
0.000922921390878076 0.982171754035856 0.016905324573265886
0.0006491354378256365 0.9940572170975812 0.005293647464593202
0.004183572857713752 0.9616272252807737 0.034189201861512496
0.000615345094648532 0.9964510498506912 0.0029336050546603693
0.004059001024226048 0.9755758250266464 0.02036517394912755
0.001010511746295457 0.9918447248298266 0.007144763423877972
0.0006297053424599185 0.9967103003482776 0.0026599943092624877
0.0010185115058090426 0.9946018417921458 0.004379646702045271
0.0008170187157185767 0.9978743794286413 0.0013086018556401837
0.0025422767203784496 0.9936921179536853 0.003765605325936323
0.0006093337334816183 0.998763987027364 0.0006266792391543326
0.0015182734224521012 0.9972140437228941 0.0012676828546537365
0.17908063875087993 0.8012353697919629 0.01968399145715721
0.0427810181282298 0.9540455234297414 0.003173458442028766
0.051339010435013745 0.9457999580821347 0.002861031482851523
0.012225033704568525 0.9872742143960945 0.0005007518993369949
0.0729755415330719 0.9264036967193712 0.0006207617475568262
0.41018800077385337 0.5882897832405087 0.0015222159856378217
0.8086387132808456 0.18953838772774034 0.0018228989914140022
0.1736494448394873 0.8259787204550553 0.00037183470545747567
0.1093723020171852 0.8903505562793607 0.0002771417034541054
0.23078313402472667 0.7689941044769231 0.00022276149835011717
0.9987353434806989 0.0009414017470453562 0.00032325477225574815
0.93457749200738 0.06498894151016775 0.0004335664824521875
0.9439582203308539 0.05537216271052123 0.0006696169586249665
0.9890732100380739 0.010293814076112927 0.0006329758858131264
0.9587429529522856 0.040687367516038596 0.0005696795316756833
0.9851074033010123 0.014241258355569799 0.0006513383434178944
0.9647688071749576 0.03463036767449176 0.0006008251505506921
0.9900478593184198 0.009315528039623539 0.0006366126419565835
0.9932697896459762 0.006232778178615893 0.0004974321754078104
0.9994066732396772 0.00030311198525436226 0.00029021477506841387
0.9977881237848927 0.0017126887360480213 0.0004991874790593338
0.9978926664869381 0.001608458143633137 0.0004988753694287799
0.9915209100991966 0.007983243378648011 0.0004958465221553958
0.9982377999001654 0.0012661328845944735 0.0004960672152401545
0.9985418994012024 0.0009552997513867546 0.0005028008474108584
0.9948509574094583 0.004646072941981439 0.0005029696485602698
0.9958891735393939 0.0036059100262603957 0.0005049164343458104
0.9974547025322839 0.001984139060935857 0.0005611584067804157
0.9993135762754162 8.782594858900583e-05 0.0005985977759948354
0.9991870362096257 1.2533138414439798e-05 0.0008004306519599006
0.9990811717964787 0.00014010653452877327 0.0007787216689925079
0.9988645464210018 0.0002944118421623153 0.0008410417368359437
0.9992022485485136 1.0112154390787079e-05 0.0007876392970956192
0.999016433857328 0.00010596151410412174 0.0008776046285679176
0.999151678821414 6.000610019057762e-06 0.0008423205685668319
0.9988771282166878 1.5248296488682218e-05 0.0011076234868236264
0.999256468800704 6.806019377699426e-08 0.0007434631391021617
0.9991474430817476 2.399041122690595e-07 0.0008523170141401235
0.9991168146517371 2.6603622520326787e-08 0.0008831587446403773
0.9991342713311231 1.5211875783281253e-06 0.0008642074812985403
0.999138377356434 4.250341379193237e-08 0.0008615801401522541
0.9991484684806451 4.3557799495411344e-07 0.000851095941359882
0.9991486893964167 4.982433937978885e-07 0.0008508123601894806
0.9991497570626063 8.984310806631944e-07 0.0008493445063129479
0.9991483649204972 1.117146947666133e-06 0.0008505179325551538
0.9991488410147934 6.983493515291545e-08 0.0008510891502713541
0.9991455550372778 4.25141856264623e-06 0.0008501935441597583
0.9991466709292678 2.9987950984619555e-06 0.0008503302756336432
0.9991493421531645 3.1422253005480905e-07 0.0008503436243054568
0.9991464297107591 3.164866157466623e-06 0.000850405423083582
0.9992172983874054 2.1594912747289245e-06 0.0007805421213199626
0.9991579472902422 9.351489366199051e-07 0.0008411175608210672
0.9991287558377648 3.1359440938571216e-06 0.0008681082181412543
0.9990684394571496 5.358782761875335e-08 0.0009315069550228205
0.9991404327717401 6.4388413570037905e-06 0.0008531283869028343
0.9992262585212004 9.18827220282466e-07 0.000772822651579279
0.9996290464355543 3.7920599661348595e-07 0.00037057435844915505
0.9990671938098095 8.148496841884256e-05 0.0008513212217717438
0.9992347489617911 3.3110068691108207e-06 0.0007619400313397333
0.9988858111472548 9.344502380067131e-06 0.0011048443503650588
0.8025512461040439 0.19651655493939282 0.000932198956563235
0.9398215946163384 0.059054185471368155 0.0011242199122933234
0.989268806038558 0.009897331709927727 0.0008338622515142437
0.7903256191403374 0.20870175529567897 0.0009726255639837692
0.036974582989520305 0.9626882225472442 0.00033719446323537153
0.10586575532707466 0.8926252412521054 0.0015090034208199354
0.06283221740156955 0.9356133476536337 0.0015544349447968076
0.000817910293288462 0.998876229683669 0.000305860023042609
0.00016632705082011797 0.9995783813896317 0.00025529155954816333
3.2768745369668814e-05 0.9996479114301008 0.000319319824529426
5.290413172291017e-05 0.9993717884167848 0.0005753074514923491
0.00020365509529475558 0.997058480215698 0.0027378646890073174
3.497945475715401e-05 0.9995475574514783 0.0004174630937645521
0.0011172363001849415 0.982592546881825 0.016290216817990144
2.1452690241889613e-05 0.9996569522123215 0.00032159509743659806
2.1639667122767544e-05 0.9996548160366094 0.0003235442962677376
2.100436619095157e-05 0.9996528758521993 0.0003261197816096956
4.512569950038463e-05 0.9992815245427622 0.0006733497577374132
2.0523705671197932e-05 0.9996276839110185 0.00035179238331016954
1.4384625150638594e-05 0.999725285529214 0.0002603298456354496
9.697137856932054e-05 0.9946658787047181 0.005237149916712516
1.9943278638791743e-05 0.9983549396489525 0.0016251170724087115
1.6142148377140936e-05 0.9980091544402869 0.001974703411335858
8.881032574107433e-05 0.7920079166356172 0.20790327303864176
2.3197592988141532e-05 0.9074478078937271 0.09252899451328485
2.4815839359303252e-05 0.8594662898649258 0.14050889429571495
5.679554728879473e-05 0.40164949021611496 0.5982937142365963
0.0001142062881918528 0.0001264572302088216 0.9997593364815993
6.808880994638427e-05 0.04015525700269917 0.9597766541873545
8.222760864316279e-05 0.22879757764920466 0.7711201947421522
2.7034163636604933e-05 0.8097144414588634 0.1902585243775
7.966903849107347e-05 0.6896153260487021 0.3103050049128068
4.592867061915812e-05 0.9428586735231744 0.057095397806206406
1.9393983319543973e-05 0.9933994823251945 0.006581123691486034
1.2738235403579265e-05 0.9957842519804908 0.004203009784105704
5.1372185472925486e-05 0.9953856082621853 0.004563019552341841
2.489329047713614e-05 0.9995614770392 0.0004136296703228428
1.6461113646639066e-05 0.999946693231851 3.6845654502385154e-05
1.639316191930662e-05 0.9999561249545399 2.7481883540871122e-05
1.6418415645646168e-05 0.9999579367900924 2.5644794261911274e-05
1.1468915854732354e-05 0.9999713604112345 1.7170672910815824e-05
0.000148717056164386 0.9996303490350907 0.00022093390874495218
1.911574769740993e-05 0.9999542737134015 2.661053890108595e-05
0.00024233868815052336 0.9994742560667467 0.0002834052451028747
9.844474661180173e-05 0.9998169101226893 8.464513069882417e-05
2.804450474847287e-05 0.9999527926937325 1.916280151898483e-05
0.00020990537019453814 0.9997694014091172 2.069322068839288e-05
0.003958788041452434 0.9960124657033099 2.8746255237655578e-05
0.7511241294740921 0.24863676361724552 0.0002391069086623079
0.07792146251797935 0.9220442187341041 3.431874791632324e-05
0.10083364005095492 0.8991344066170014 3.1953332043684876e-05
0.9144390417663716 0.0854937483820142 6.720985161429945e-05
0.7943517960418288 0.20551011224191787 0.00013809171625340773
0.966545588292747 0.03339015523207726 6.425647517584958e-05
0.9895804229806838 0.010316954917108231 0.00010262210220785895
0.9999042280904291 3.33263682742312e-05 6.244554129662302e-05
0.9998867592365613 1.541683517171976e-05 9.782392826699874e-05
0.9999036757381179 8.196484379790814e-07 9.550461344423123e-05
0.9999281667931096 3.1579765239697982e-06 6.867523036640495e-05
0.9999339891133602 3.66846841895843e-09 6.600721817142088e-05
0.9998558045745657 1.0607185994765202e-07 0.00014408935357438084
0.9999183928271701 1.1703253047903328e-09 8.160600250454975e-05
0.9998777998042006 1.2438740878740467e-08 0.00012218775705849814
0.9998772903808341 1.0322045153365373e-05 0.00011238757401265748
0.9998822839103704 8.914519789119244e-06 0.00010880156984050073
0.9997640067705281 0.0001230036330789294 0.00011298959639301249
0.9997724950421493 0.00011544414539224034 0.00011206081245840331
0.9952141831586968 0.00467445065434183 0.00011136618696125902
0.9939789390916809 0.005909828290142796 0.00011123261817638897
0.9989085957118605 0.0009792362478735514 0.00011216804026587463
0.9997571167785956 0.00013135552924206412 0.00011152769216231632
0.9913985186450249 0.008491323819762583 0.00011015753521231825
0.9923718919359322 0.007517784058879329 0.00011032400518849949
0.9984214236179807 0.0014676664787565156 0.00011090990326289985
0.9984212294863678 0.0014678840182088932 0.00011088649542333072
0.9898832963127562 0.01000688248084209 0.00010982120640158864
0.9997383353869963 0.00015063504114961858 0.00011102957185413955
0.9984518382266061 0.001437409102702471 0.00011075267069144316
0.9893256913052069 0.010564642379129838 0.00010966631566326804
0.9997434661967438 0.00014559167095967954 0.0001109421322966822
0.9926521643738637 0.00723785334472851 0.00010998228140779453
0.9953274003936526 0.004561998077713166 0.00011060152863422592
0.9957413485894523 0.004145823764556201 0.00011282764599146096
0.9938958799325213 0.005961259510415222 0.00014286055706351524
0.99956977721313 0.00019953275601639214 0.0002306900308534697
0.9942269975212995 0.005347849037988813 0.0004251534407116794
0.9981771632895515 0.0008183411442602674 0.0010044955661881125
0.9938986895835092 0.003966217113069498 0.0021350933034213395
0.9950882348666181 0.0029595727212046105 0.0019521924121773373
0.9973681062017546 0.0003567388258882829 0.0022751549723571433
0.996981700303847 1.4229042984285221e-05 0.0030040706531687376
0.9961892737805023 0.0007585251224066746 0.003052201097090917
0.9950026838733796 0.0011213464817002815 0.003875969644920069
0.9969813128334121 0.00015032586698861226 0.0028683612995993287
0.9969754588595664 8.98483072326619e-06 0.0030155563097103225
0.9972723235283268 1.134482640048722e-06 0.002726541989032974
0.9969332508887565 9.351292543682656e-08 0.0030666555983181183
0.9967734137841906 4.344282084851849e-09 0.003226581871527274
0.996844061103046 2.903123619256912e-10 0.0031559386066416463
0.9972180351354304 1.2936344505211018e-10 0.00278196473520611
0.9969155376812908 7.402927891149862e-08 0.003084388289430165
0.9970132192910959 3.602378296686352e-09 0.002986777106525771
0.9970285769537539 2.4009055473850254e-07 0.002971182955691435
0.996391658565595 2.774949894794704e-05 0.0035805919354569937
0.9980358620650023 7.533110629023858e-07 0.0019633846239349036
0.998204508749002 5.806575167167317e-06 0.0017896846758307756
0.9935827933533842 0.004107141866075879 0.002310064780539969
0.998580804079413 0.00026421985291517685 0.001154976067671857
0.9526670816559253 0.04300985925643201 0.00432305908764285
0.9554178703490351 0.041263069623146846 0.003319060027818024
0.9850258712653772 0.011132659591414093 0.0038414691432086872
0.9948582911541632 0.00289588314308555 0.0022458257027511623
0.8450258065189554 0.15293432559045828 0.0020398678905863294
0.5545432537952772 0.4441988742766734 0.001257871928049207
0.4794693233793505 0.5185032919492529 0.0020273846713965197
0.006009968091026349 0.9938770422768508 0.00011298963212280397
0.0014365091974344948 0.9985391638063092 2.432699625619921e-05
0.0005319547001733662 0.999438848457362 2.9196842464681702e-05
0.0026932466167196444 0.9972102225620129 9.65308212674549e-05
0.00017452752486709272 0.9998198891148543 5.583360278582071e-06
0.00014735238191805397 0.9998479851189062 4.6624991757229036e-06
0.0017574996992516922 0.9981838784571727 5.8621843575570874e-05
0.00016192620403046283 0.9998322893720409 5.784423928569099e-06
0.00020444429595422296 0.9997873184950875 8.237208958306368e-06
0.00020825096847053792 0.9997796172191341 1.213181239531808e-05
0.0010527450527773497 0.9987777478622315 0.00016950708499112628
0.00016136497860219453 0.9997272386557139 0.00011139636568391307
0.00036417058976492237 0.9994401313804716 0.00019569802976343752
0.0006257887759039966 0.998718226250026 0.0006559849740699212
0.00016334167427627317 0.9988699296526948 0.000966728673029002
0.0003730448342312934 0.9970873598230701 0.00253959534269865
0.0006619650163391404 0.9823296467706086 0.017008388213052287
0.00017702059622161682 0.9875748823452617 0.012248097058516663
0.0005288628059156949 0.9732030941485313 0.026268043045552938
0.0002984679115923093 0.9566183621397686 0.043083169948639095
0.0007184172617747399 0.5349365905023065 0.46434499223591874
0.00423306047243603 0.14075130939165867 0.8550156301359053
0.0023618666446563593 0.051767817732660155 0.9458703156226835
0.005649930958985295 3.526865308097302e-05 0.9943148003879336
0.0020194629156319675 0.0003263542285753604 0.9976541828557928
0.0020855788266551595 0.005212443598107461 0.9927019775752374
0.004274708819197248 0.003021018563640074 0.9927042726171628
0.0028276942063562675 0.0018311984458381787 0.9953411073478056
0.002841036497958025 0.0004034479750063965 0.9967555155270357
0.0005691207999761786 0.20077477220022832 0.7986561069997955
0.0006652203144392693 0.3023440927517612 0.6969906869337995
0.0005044750271769251 0.34417600993818165 0.6553195150346414
0.0004900678290644226 0.09323793447045012 0.9062719977004855
0.0001641110836359062 0.4256019933876474 0.5742338955287167
6.969650850643221e-05 0.6002964731041663 0.3996338303873273
8.215885115383872e-05 0.5099646960726579 0.48995314507618815
4.148369823546054e-05 0.6396347598405359 0.36032375646122866
3.367886472135718e-05 0.643638690084348 0.35632763105093074
9.872319320319549e-05 0.13612972303904713 0.8637715537677496
1.0683125279570994e-05 0.6691863111991609 0.3308030056755594
1.1957292040997655e-05 0.6720143179418868 0.32797372476607217
4.353554245815184e-05 0.28644743238888637 0.7135090320686555
0.00011918888065240107 0.28691315355653224 0.7129676575628153
0.00018817878252183932 0.19727499730539208 0.8025368239120861
6.663945938883604e-05 0.6757001701860109 0.3242331903546003
0.00010703818492156518 0.67582132872161 0.32407163309346837
0.00038866800879901176 0.5371343511367529 0.4624769808544481
0.0009491493633379071 0.6775413851925342 0.321509465444128
0.0074684293881392225 0.1787985088279092 0.8137330617839517
0.023829062565980327 0.5669589396414114 0.40921199779260814
0.007761478440121958 0.6551998470817469 0.3370386744781311
0.010815328823414178 0.6942094499282534 0.2949752212483325
0.17275191912510524 0.169182058254174 0.6580660226207209
0.13797489761406254 0.19316571526987653 0.668859387116061
0.1035556597274714 0.5398835019355158 0.35656083833701274
0.11262996933563024 0.4711180153842613 0.4162520152801084
0.2879034791948652 0.00536149667875164 0.7067350241263832
0.39393482767983673 0.03757872135613847 0.5684864509640248
0.3710873202404162 0.012174323646619304 0.6167383561129646
0.36372303330801264 0.04599180191588968 0.5902851647760977
0.41227364777028586 0.017422013138484276 0.5703043390912298
0.4211418931933378 0.03609907946917622 0.542759027337486
0.36547183782047155 5.470229460975913e-05 0.6344734598849188
0.6037166690150109 2.7295880471910528e-05 0.3962560351045172
0.44435558037961453 0.0006301296158821222 0.5550142900045033
0.5516463944137112 6.2794014073102285e-06 0.44834732618488143
0.44319741617185365 0.0001664959457296918 0.5566360878824167
0.44640819818551164 0.0003821312550393654 0.5532096705594489
0.4435084389203834 0.0002339583262360728 0.5562576027533805
0.4438658132190808 0.00021874861367546095 0.5559154381672436
0.44448047653781925 4.019324513662812e-05 0.5554793302170441
0.44470579195624627 3.467374895249458e-05 0.5552595342948013
0.4461087225293876 3.18206373894164e-06 0.5538880954068736
0.44616796425623995 0.00010766680702373629 0.5537243689367363
0.4462353961647258 1.7785359358317773e-06 0.5537628252993383
0.44624011935264696 1.758767765386988e-06 0.5537581218795877
0.44624041146458027 1.6499107207285428e-06 0.553757938624699
0.4461944487479694 5.752100849326565e-05 0.5537480302435374
0.44621519049979347 5.135224781680229e-05 0.5537334572523896
0.4462008228012551 6.018102942964151e-05 0.5537389961693153
0.4462327033321448 3.122593552237511e-06 0.553764174074303
0.44620626985886014 2.7841291450354173e-05 0.5537658888496896
0.4462260452933042 2.455396247570322e-06 0.5537714993104482
0.44621711103242856 5.301154717644487e-07 0.5537823588520997
0.44621834901835683 1.6741709930309754e-07 0.5537814835645437
0.44622498515629055 1.141367640120866e-07 0.5537749007069455
0.4462244738421265 1.8471352870110016e-07 0.5537753414443448
0.4462186527290523 3.019264264864543e-07 0.5537810453445212
0.44622332996547054 3.482928612511152e-08 0.5537766352052433
0.4462256876154274 4.1473774518303014e-10 0.5537743119698347
0.44622498205223565 2.9897558930012345e-10 0.5537750176487887
0.4462237426531601 3.4795437276552362e-09 0.5537762538672962
0.44622335877250313 1.0959993830481466e-08 0.5537766302675031
0.4462224390066735 3.1977040564673123e-10 0.5537775606735561
0.44622289453196484 1.5481267419251528e-08 0.5537770899867677
0.4462230268919478 1.7447141923121848e-10 0.5537769729335806
0.4462229164972252 1.7088697574932853e-10 0.5537770833318879
0.4462229573900359 4.833403400422895e-09 0.5537770377765606
0.446222954919482 1.6017697101823235e-09 0.5537770434787483
0.4462229472218313 1.1240424393288614e-08 0.5537770415377443
0.44622294963582865 7.35602262985102e-09 0.5537770430081488
0.44622294804482593 9.414809253497098e-09 0.5537770425403648
0.44622294589289796 9.929712317734565e-11 0.553777054007805
0.4462229812670092 1.6603730737977912e-11 0.5537770187163871
0.44622293711813266 1.292781284183209e-10 0.5537770627525893
0.4462229561433782 4.4323095502208794e-11 0.5537770438122986
0.44622293732530227 6.469124948851896e-12 0.5537770626682287
0.4462229340366839 2.038693623377205e-11 0.5537770659429292
0.4462230688629636 2.8122936688052985e-12 0.5537769311342241
0.44622291985841844 4.4327469413831145e-12 0.5537770801371489
0.44622291679437043 4.568514304481729e-11 0.5537770831599444
0.44622295494220926 8.109386825415726e-09 0.553777036948404
0.4462228938213219 1.6707730171185375e-08 0.5537770894709478
0.4462227705728718 1.4129651017766163e-07 0.5537770881306179
0.44622278521442077 3.2202077814650475e-08 0.5537771825835014
0.4462239164172947 3.076209902580978e-08 0.5537760528206063
0.4462205057314493 1.8000454988235322e-07 0.5537793142640008
0.4462354548672887 5.6880093295341685e-09 0.5537645394447019
0.4462282058479441 5.365021278885919e-07 0.553771257649928
0.4462186299065798 3.1422729940988917e-07 0.5537810558661208
0.44609885378373376 7.398029199293352e-07 0.5539004064133464
0.4468910406885589 2.4535559512080198e-08 0.5531089347758816
0.4457475100921516 1.0141372915584178e-08 0.5542524797664755
0.44619925695880946 2.44143673098617e-06 0.5537983016044595
0.4456096617039645 3.5249946441968184e-08 0.554390303046089
0.44628358076284347 6.225502246677461e-05 0.5536541642146897
0.4467257144526857 8.822079072731298e-06 0.5532654634682417
0.4458897869659468 2.859905287623822e-05 0.554081613981177
0.44983241727264184 2.8069450746850506e-06 0.5501647757822835
0.4498329833927275 9.35370714955428e-06 0.5501576629001228
0.44421503867758855 0.0008151183527694511 0.554969842969642
0.44409771034312084 8.175072229068128e-05 0.5558205389345885
