inside membrane outside
0.9644190275663432 0.0 0.03558097243365683
0.9615904967925017 9.223065779873018e-07 0.03840858090092036
0.9764474318448876 1.848144831087589e-08 0.023552549673663985
0.9597617490994333 0.0007370173073170472 0.0395012335932497
0.9478191946075224 0.0014454340323635298 0.050735371360114044
0.9363627069331505 0.00317599637576118 0.06046129669108843
0.9367777729545853 0.0036387193069577647 0.05958350773845691
0.947821633190349 0.0014751737428365956 0.050703193066814395
0.963056204236958 0.001776377485529752 0.0351674182775123
0.9567271084776044 0.0043262393634215975 0.03894665215897379
0.9638331276981668 6.924464054752767e-05 0.03609762766128557
0.9635543923717542 0.00046820257411138774 0.03597740505413442
0.9589417970380877 0.0049873417938551155 0.036070861168057106
0.9641370992677499 9.579741341362891e-05 0.03576710331883645
0.9638179861320614 0.0011487631852156953 0.035033250682723026
0.9600638906054008 0.005018075895813205 0.03491803349878613
0.9596575892091928 0.005468672013041781 0.03487373877776544
0.9641511685737704 0.0008116401830849241 0.035037191243144694
0.9594105842075713 0.005734315914251272 0.03485509987817724
0.96381751643137 0.0011784877251188577 0.03500399584351109
0.9647362435227544 0.0002268388667523922 0.0350369176104931
0.9630945639750836 0.0019286815824917525 0.03497675444242464
0.9645935636380314 0.0003765594833571621 0.03502987687861154
0.9637788608630324 0.0012189863591285334 0.035002152777839045
0.9589892242321284 0.006182267716283982 0.03482850805158759
0.9576964132661161 0.007522753551491892 0.03478083318239202
0.9581438611239104 0.007064470587833125 0.0347916682882565
0.9644885205179778 0.0005161478309630758 0.034995331651059114
0.9649502716888796 9.206162104789204e-05 0.03495766669007263
0.9644813361716011 0.0005244378828854629 0.03499422594551337
0.9644818677543198 0.0005240654501868533 0.03499406679549342
0.9624324796213546 0.0026413592519309035 0.03492616112671454
0.9637031781232733 0.0013465237937274241 0.034950298082999286
0.9650974775488685 3.410703185569999e-05 0.03486841541927575
0.9649953173722093 1.9035437064324372e-05 0.03498564719072638
0.9651014734465498 4.6158896500695567e-07 0.03489806496448508
0.9651327385747528 7.630960962545144e-07 0.03486649832915092
0.965009472440831 2.9753573531263624e-05 0.034960773985637725
0.9650326674649756 8.187588228251342e-06 0.034959144946796104
0.965040281627035 1.6789540527828417e-05 0.03494292883243705
0.9649853416917827 7.086430352728202e-05 0.03494379400468988
0.965095148210803 4.0088454582485584e-06 0.0349008429437388
0.9650383486034988 8.937540324983153e-06 0.03495271385617619
0.9650541794494237 4.742623934095986e-06 0.0349410779266421
0.9649915371320701 6.898334116428167e-05 0.03493947952676568
0.9650197678471022 4.057013746140358e-05 0.034939662015436454
0.9650500721979395 9.119285362786737e-06 0.03494080851669766
0.9649919705552831 6.946563935491774e-05 0.034938563805362026
0.9650532765227602 5.874382897832126e-06 0.034940849094341864
0.9650507302480047 8.498824478147623e-06 0.03494077092751719
0.9650111845194207 4.918956766060381e-05 0.03493962591291872
0.965044891534029 1.4602070127299535e-05 0.03494050639584378
0.9650567693781763 2.1580990827451044e-06 0.03494107252274084
0.9649701987839842 9.272910811119479e-05 0.034937072107904615
0.9650022907791586 5.942891147975954e-05 0.03493828030936169
0.9650421160362854 1.834534902479455e-05 0.03493953861468984
0.9650572404817528 3.566208374046324e-06 0.03493919330987307
0.9650575791948914 3.3604886341785333e-06 0.03493906031647427
0.9650123222744318 4.935335004022802e-05 0.034938324375528
0.9650151861769656 4.645163438106963e-05 0.03493836218865334
0.965055641675612 4.5526306504919595e-06 0.03493980569373753
0.9650591672832648 9.929102489580167e-07 0.03493983980648629
0.9650595993131916 5.739007546648154e-07 0.0349398267860538
0.9650599263588485 3.321405376860992e-07 0.034939741500613845
0.9650608105108531 8.758062824993221e-08 0.034939101908518705
0.9650566132075798 3.116632810736286e-06 0.034940270159609425
0.9650591484317836 1.0682962693868051e-06 0.03493978327194683
0.9650598177570417 2.875521512554293e-06 0.0349373067214459
0.9650605037096668 2.3987748831772915e-07 0.0349392564128449
0.965061502463117 4.049385186079387e-07 0.03493809259836436
0.9650574284681546 3.12953370708329e-08 0.034942540236508224
0.9650675312158861 2.0677559083618404e-08 0.03493244810655492
0.965060226309926 1.842140681866645e-08 0.034939755268667064
0.9650619912758758 6.890502524562036e-07 0.03493731967387166
0.965062353267198 9.92179851552522e-07 0.034936654552950475
0.9650630509970479 2.7901006997326194e-06 0.03493415890225237
0.9650276208250798 4.8598856948721536e-05 0.03492378031797147
0.9650219782561608 5.763523828135494e-05 0.03492038650555792
0.9649872010727382 8.94568490848014e-05 0.03492334207817714
0.965059302505637 2.393460551782156e-05 0.03491676288884511
0.9650766056158635 4.4967313128874954e-06 0.03491889765282371
0.9650795761521442 1.4147060439408139e-06 0.03491900914181189
0.9649645127212934 0.00013341214208262964 0.034902075136624036
0.9650756722594218 1.919094412549774e-05 0.0349051367964526
0.9650628236291431 3.323186308408833e-05 0.034903944507772955
0.9650760021590786 1.96273768373074e-05 0.034904370464084136
0.9650926991577494 2.3890171338109956e-06 0.03490491182511685
0.9650757542582293 1.994240970168627e-05 0.034904303332069106
0.9650937577368348 2.0438466513635755e-06 0.03490419841651388
0.9650168056321582 8.182070869551143e-05 0.034901373659146334
0.964987610254699 0.00011113183585740864 0.03490125790944368
0.9650933126593699 2.643960173148644e-06 0.034904043380457064
0.9650736859671876 2.220423415166656e-05 0.034904109798660814
0.964972997577511 0.00011674972343907071 0.03491025269904983
0.9648454771023053 0.00012150742793960297 0.035033015469755076
0.9648648749669747 0.00011195672712452183 0.03502316830590069
0.965277937021339 2.383799513174291e-05 0.034698224983529306
0.964781930706851 0.00015129694986444226 0.03506677234328442
0.9631433637400072 0.0001235460190928652 0.036733090240899866
0.9476406983998404 1.2480656257718902e-05 0.05234682094390199
0.9796647031235538 1.1769876707503036e-06 0.02033411988877548
0.9695343432911631 1.2206495716178155e-05 0.030453450213120768
0.9802504143984156 2.3205580991349082e-06 0.01974726504348529
0.9394538449897515 0.00018028496548834345 0.060365870044760135
0.9504849324875397 0.0066217790040015686 0.04289328850845866
0.8728436324815014 0.08841485097089237 0.0387415165476062
0.9783050152265385 0.0017385260300564786 0.019956458743405014
0.4747709004955059 0.49856333769479283 0.026665761809701396
0.8736163326969199 0.10290489785932984 0.023478769443750363
0.07694333143975286 0.9111131054341748 0.011943563126072355
0.02465203561863959 0.9666983671680411 0.00864959721331937
0.0026434646015522545 0.9908610896111231 0.006495445787324703
0.0031614800188298478 0.9777290154288595 0.01910950455231066
0.0007904189704395429 0.990236622243341 0.008972958786219504
0.0038810106808052137 0.9511864742654135 0.04493251505378139
0.000775023559242719 0.9900390729499506 0.00918590349080665
0.0007718218862477782 0.990009369475389 0.009218808638363243
0.0005369843274206991 0.9930482387728562 0.006414776899723128
0.0013604522657347596 0.9823850290140107 0.01625451872025445
0.0038187306450048536 0.9503159055993844 0.04586536375561077
0.025881630360648694 0.6588070503819488 0.3153113192574025
0.0007746858890151835 0.9897638976711642 0.009461416439820496
0.0007777002220378934 0.9892642990790983 0.009958000698863776
0.008654975811005902 0.8554916930773648 0.13585333111162937
0.0008322071108454668 0.9859831476662352 0.013184645222919343
0.037849554669756195 0.585281070392578 0.3768693749376657
0.0021407823569271726 0.9751395826113779 0.022719635031694895
0.00847958202687823 0.8442776539511571 0.14724276402196473
0.0018617238200426861 0.9638324350470725 0.034305841132884804
0.0021597897783614435 0.9412093448668503 0.05663086535478833
0.0035859899879179683 0.8201678766416691 0.17624613337041287
0.019880964809733767 0.0013039245330241536 0.9788151106572421
0.020781933113833858 0.00012071094978982261 0.9790973559363763
0.01766471609531415 0.006606024305755152 0.9757292595989306
0.01787964572800813 0.0026444763303586087 0.9794758779416333
0.009826866310914716 4.66468670354072e-06 0.9901684690023818
0.012794771310346727 6.932869176842753e-07 0.9872045354027355
0.016347369910360617 2.8558411888849315e-05 0.9836240716777506
0.014606525948897532 1.0636756981276744e-05 0.9853828372941211
0.01232763408215253 0.0008120999675427937 0.9868602659503046
0.010161653929904667 5.0890724960676196e-05 0.9897874553451346
0.010655071616665004 0.004726262107498803 0.9846186662758362
0.01407633999127935 0.0005447285165255896 0.9853789314921951
0.010571798334315327 0.0003984339271441081 0.9890297677385406
0.018584215437605384 0.0634139763279847 0.9180018082344099
0.0039590577808542166 0.8591793371810587 0.13686160503808728
0.007890074880115894 0.7880040687613863 0.2041058563584977
0.008996473851674914 0.826309246534954 0.16469427961337102
0.003278297931973667 0.960281717400482 0.03643998466754416
0.006705747821722234 0.9381690522653816 0.05512519991289607
0.007331105865040055 0.9767155948688752 0.015953299266084808
0.002408223450099054 0.9951013461439774 0.002490430405923545
0.0016177350649251795 0.9971092079953439 0.001273056939730946
0.005823167695184843 0.9889279105142673 0.005248921790547782
0.006837639869386356 0.9876833454917706 0.005479014638843084
0.0022744325386203574 0.9972720165320248 0.00045355092935479195
0.0015765389836410596 0.998212639222788 0.00021082179357081348
0.0015790622698946119 0.9982178677257951 0.00020307000431027994
0.004050151511714168 0.9954466175352344 0.0005032309530513294
0.004392973447716168 0.9951127894749031 0.0004942370773806862
0.006255782619276266 0.9931105076057685 0.0006337097749552494
0.0068987909924736 0.9924355237437515 0.000665685263774893
0.00959123235710935 0.9899168714424875 0.0004918962004030972
0.22391871694858925 0.772281849958514 0.0037994330928968942
0.010793150425657906 0.9888243674610065 0.0003824821133356588
0.0472952300698876 0.9512262482993735 0.0014785216307389157
0.060264393007760556 0.9385990998593857 0.001136507132853751
0.0761377089045532 0.9230404017366372 0.0008218893588096628
0.5118073479300973 0.48180819734046054 0.0063844547294421424
0.5719275166907573 0.42131123046622276 0.006761252843020034
0.8544346689987525 0.13498299723579946 0.010582333765448046
0.9852838846937009 0.0046037688184570645 0.010112346487842098
0.8803068300727849 0.10824252105822248 0.011450648868992615
0.9955618643831194 0.0009232794848739425 0.0035148561320065418
0.9893109155675112 0.002988474359195508 0.0077006100732932995
0.9828537557569221 0.009050437516552209 0.008095806726525654
0.9696076110153651 0.021165290492635755 0.009227098491999241
0.96529625691251 0.023733048738677893 0.010970694348812156
0.9902473823350745 0.0017239287451883006 0.008028688919737278
0.9909932754353601 0.0005744993597736639 0.00843222520486627
0.9891712954891342 0.0026695869461396053 0.008159117564726167
0.9905183234871493 0.0014185162563096806 0.008063160256540924
0.9919053770063061 0.00010050593354677549 0.00799411706014714
0.9912108796335583 0.000743909777843358 0.008045210588598382
0.9906702596208649 0.0012985124641450043 0.008031227914990148
0.9887757071215466 0.0032381102780525543 0.007986182600400875
0.9919062407142986 4.5978964281751655e-05 0.008047780321419529
0.9920232391881617 6.830485247560645e-05 0.007908455959362636
0.9893610789772883 0.002727444279892893 0.007911476742818797
0.9904958190661918 0.0015990315114113934 0.00790514942239669
0.9917538185370783 0.0003129993907202585 0.007933182072201414
0.9917855000629373 0.00027713094109412965 0.007937368995968511
0.9912100507944837 0.0008456609411150301 0.007944288264401382
0.9883943609950662 0.0036471411793841096 0.007958497825549722
0.9895852156192039 0.0024617077415147 0.007953076639281376
0.9916251973269342 0.0003037074197231243 0.008071095253342564
0.9895908130981144 0.0023289638941144646 0.008080223007771163
0.9897126526971939 0.0020877712541507083 0.008199576048655377
0.991554991362451 0.0001539331913243731 0.00829107544622468
0.9905493666418868 0.0008608953439713411 0.008589738014141932
0.991625007104361 1.6305875924470682e-05 0.008358687019714496
0.9906953041968962 0.0009428124256744057 0.008361883377429357
0.991551247465614 0.00012748739868685468 0.00832126513569924
0.9902812598465637 0.0012432618299761283 0.008475478323460094
0.9915240210662456 0.00013117838710888997 0.008344800546645426
0.9908246080180063 0.0008044159243612276 0.008370976057632616
0.9915200548353912 9.392977785703115e-05 0.008386015386751742
0.9916285668150755 1.220172998366423e-05 0.008359231454940884
0.9915882843434656 1.0002392794291139e-05 0.008401713263740175
0.991549187984741 2.7012510996998125e-05 0.008423799504262053
0.991494103694345 3.1862636147111694e-05 0.008474033669507946
0.9914450158973297 1.9426936575619756e-05 0.008535557166094675
0.9899856656785647 5.3204435348651125e-05 0.009961129886086516
0.9923225133538632 8.912741186211705e-06 0.007668573904950634
0.9959841588067947 4.177103620247347e-06 0.004011664089584921
0.9896777180725642 0.0014745923705810776 0.00884768955685477
0.9880424772139367 0.0039377950086141745 0.008019727777449165
0.9890087380706453 5.4504589175912314e-05 0.010936757340178809
0.996032977827607 0.00029413153312602336 0.00367289063926696
0.9801855879083327 0.007799303069365949 0.012015109022301407
0.9879609243763922 0.004740378005409529 0.007298697618198239
0.9937354112018204 0.001466027776145535 0.004798561022033983
0.3765313680227935 0.6138373974358089 0.009631234541397653
0.11550556203791157 0.8818303545879845 0.002664083374103934
0.23937838784589704 0.7487508916369542 0.011870720517148886
0.06062712141374892 0.9362395794633924 0.0031332991228587796
0.03192545029273024 0.9654456515101102 0.0026288981971595497
0.023782662694256457 0.9735687786202711 0.0026485586854724107
0.16483952141507566 0.8158723922659379 0.019288086318986323
0.022225634117097857 0.9742178227054376 0.0035565431774645102
0.023560031336603726 0.9734660002114086 0.002973968451987676
0.0025161929461141766 0.9957849803821023 0.0016988266717836264
0.0016496282511342334 0.9970615305573602 0.0012888411915055094
0.026701123832864517 0.952629579196822 0.020669296970313337
0.00129768758807411 0.997728266200223 0.0009740462117029569
0.0012612717420430204 0.997769721269923 0.0009690069880340175
0.012450432118319432 0.9757171612571346 0.011832406624545929
0.0012070791695585352 0.9977233263279787 0.0010695945024627078
0.007122682297911635 0.9468619899879676 0.04601532771412079
0.0013162855141645342 0.9852369664855879 0.013446748000247432
0.02223460988829399 0.574622696758489 0.40314269335321706
0.0013431605325136956 0.9791361324961338 0.01952070697135236
0.006467876131220828 0.7739553692628613 0.21957675460591783
0.004547803703762397 0.8554139974826184 0.14003819881361926
0.001962511050060808 0.8527851663397609 0.14525232261017829
0.006653257382884015 0.2140369147235566 0.7793098278935594
0.003205105160489632 0.16477060645969668 0.8320242883798137
0.002670357740267497 0.6148208519306523 0.38250879032908025
0.0009851306896239383 0.7941791391042777 0.2048357302060984
0.0007616384502967763 0.943492585313895 0.05574577623580819
0.0009961135089062026 0.8794914610861176 0.11951242540497613
0.004923784260597677 0.4209218645590021 0.5741543511804003
0.0011786150306098322 0.8531460098470197 0.14567537512237033
0.0009455362148808237 0.8135159105785209 0.18553855320659826
0.0003601599483141686 0.9566607874339075 0.04297905261777821
0.0018667816344969334 0.9219371152803321 0.076196103085171
0.00035621457089873626 0.9887030715295418 0.010940713899559402
0.0007757039626337907 0.9875109218891449 0.01171337414822122
0.0007483454439602167 0.9903600140416987 0.008891640514341005
0.00036563656229347065 0.9979049745963697 0.001729388841336882
0.001571873928017175 0.9946386451895105 0.003789480882472216
0.00037048411101534375 0.9980584875153675 0.0015710283736171497
0.0008173511607498225 0.9971091218905227 0.002073526948727405
0.0017730383296312244 0.9946897045645753 0.003537257105793469
0.0015092645280525394 0.9959933154868945 0.0024974199850529705
0.0005827985091113323 0.9979309647879583 0.0014862367029303848
0.006631898666652411 0.9866476809246258 0.006720420408721775
0.003281945481083212 0.9948684693146717 0.0018495852042450709
0.013776573617948356 0.978829409829812 0.007394016552239582
0.009395242100244837 0.9889012335379661 0.0017035243617890663
0.047825771421781134 0.9500255148009823 0.002148713777236592
0.7303176828817585 0.2627456397655443 0.006936677352697242
0.4601819681902359 0.5346588546043464 0.005159177205417662
0.9851519888116788 0.008157642866612075 0.006690368321709133
0.931750763985706 0.05962504042072338 0.008624195593570716
0.9394335778508932 0.0518626787300096 0.00870374341909729
0.8646978430500488 0.1253571929377734 0.009944964012177733
0.8289600968809405 0.16091014220781383 0.010129760911245714
0.9927003987886344 0.0019133744020822393 0.0053862268092834354
0.9854979356028812 0.005509316667110809 0.008992747730007859
0.9725432227550109 0.013027461339263855 0.014429315905725217
0.951983654542646 0.03467916589630162 0.013337179561052426
0.9914061162157822 4.810144504941396e-05 0.00854578233916828
0.9906159189148617 5.881068753741069e-07 0.009383492978262992
0.989417091402919 2.745809999639377e-07 0.010582634016081102
0.9891346700563729 3.782221298823801e-06 0.010861547722328212
0.9893323661098605 1.629818576360919e-06 0.010666004071563024
0.9892723102283156 2.2166553707080048e-06 0.010725473116313673
0.9891361695843991 6.640442090784901e-06 0.010857189973510185
0.9891151219321884 2.2845842984580048e-07 0.010884649609381798
0.9891492770857265 5.7944263845327456e-06 0.010844928487888964
0.9891515365596166 2.9539919837960363e-06 0.010845509448399541
0.9890705061296756 6.823796177723556e-05 0.010861255908547184
0.9890677874442869 7.120470833615993e-05 0.010861007847376793
0.9891065327193763 3.210019356650324e-05 0.01086136708705718
0.9889936446175702 0.0001462650387085512 0.010860090343721237
0.9890616329902593 7.753509411584513e-05 0.010860831915624935
0.9889865225307939 0.00015346347265623856 0.010860013996549872
0.9891356901791863 2.6345848415552205e-06 0.010861675235972014
0.9891088049689715 2.9814973734366958e-05 0.010861380057294133
0.988987162385439 0.00015276619274553718 0.010860071421815344
0.9889877139193656 0.00015197889669645414 0.010860307183938094
0.9891249638274849 1.2203581478984388e-05 0.010862832591036068
0.9890480394215022 8.873310197011912e-05 0.010863227476527551
0.9891331822653164 3.3529037859033884e-06 0.010863464830897765
0.9891078943562281 2.7350151449367876e-05 0.010864755492322433
0.9890169240282525 0.00011865003746606265 0.01086442593428132
0.9891207254891738 2.009959142325717e-06 0.010877264551683908
0.9890219118974473 9.788723147156302e-05 0.01088020087108123
0.988969138292715 0.00014047481481652865 0.010890386892468554
0.989092746485088 4.341570954991857e-06 0.010902911943957011
0.9890874069735562 2.524015841497952e-06 0.01091006901060217
0.9891050339990162 4.870591675124897e-07 0.010894478941816412
0.9890790420765189 5.538577395636759e-06 0.01091541934608549
0.9890273162077923 2.0667630538899878e-05 0.010952016161668802
0.9890958743127984 4.325522479012015e-07 0.010903693134953617
0.9890823024463888 7.499401300314258e-06 0.010910198152310924
0.9890690276579001 5.118066142570514e-06 0.010925854275957464
0.9891617860597336 1.2124927418690019e-06 0.010837001447524672
0.989014295125546 0.00011154123696308157 0.010874163637491023
0.9890889768366924 2.543758163122057e-05 0.010885585581676472
0.9890867009610866 5.200691166493656e-05 0.010861292127248515
0.9888749350014079 0.00020569835552161332 0.010919366643070524
0.9881241933972338 0.000775921181982594 0.011099885420783598
0.9890154180796427 0.00020451489857239728 0.01078006702178484
0.9889182370235355 0.0002926278012493342 0.01078913517521518
0.9827997437272099 0.006957411414585318 0.010242844858204779
0.9893408547147448 0.00032956790251415267 0.010329577382741083
0.9852892289684672 0.004295980817369596 0.010414790214163108
0.9637063398403435 0.0251571924326055 0.011136467727051071
0.9716050639918327 0.01619591798273254 0.012199018025434752
0.9093429608291377 0.07933432504644522 0.01132271412441708
0.9899467779937381 0.0022102097374688268 0.007843012268793149
0.8353585989797018 0.15409101516638285 0.0105503858539153
0.897292845059924 0.09205660737664753 0.01065054756342841
0.9321397262707687 0.0575316043476886 0.010328669381542739
0.8519943109010629 0.13497330934058585 0.013032379758351136
0.28915330307898623 0.7044764847877212 0.006370212133292376
0.47395074077671 0.5166045824979391 0.009444676725350943
0.34185926225231444 0.6518316215891486 0.006309116158536935
0.26146288051884664 0.7323923548066815 0.006144764674471685
0.7473575839214962 0.23821659231409514 0.014425823764408726
0.4087826547438351 0.5827679854704004 0.00844935978576427
0.45563144768574054 0.5330677543909103 0.011300797923349202
0.8968090306005402 0.08604091522085398 0.017150054178605902
0.786798321826957 0.19662155527250655 0.016580122900536426
0.1379417163846134 0.8584811462112681 0.003577137404118418
0.11430439558387152 0.8824427896483001 0.003252814767828276
0.1014934040523501 0.8939134569954279 0.004593138952221963
0.345670434875843 0.6307861490067197 0.02354341611743738
0.3666323791102765 0.5978075421197783 0.03556007876994522
0.1894904831676176 0.7905979439672339 0.019911572865148518
0.09973734089717136 0.8801304215095523 0.020132237593276325
0.3048335982091081 0.6548196520930204 0.04034674969787157
0.1625675366505797 0.8043258940084272 0.033106569340993
0.21862828292053088 0.7273963910860263 0.053975325993442784
0.21636442511380885 0.6982859987913921 0.08534957609479898
0.15023332095604292 0.7783987646320353 0.07136791441192192
0.1731391349189289 0.6819001164916425 0.14496074858942856
0.08067123595065752 0.6403049013076094 0.27902386274173313
0.09114726603841708 0.5286726828463189 0.38018005111526404
0.1290095863067429 0.19335361791101793 0.6776367957822392
0.04822847844790361 0.4477253896600137 0.5040461318920828
0.014402994541893753 0.7227616938618988 0.2628353115962075
0.01816167353056583 0.5952134806854257 0.3866248457840086
0.025303504573935653 0.4473138992715356 0.5273825961545286
0.01727791396136117 0.4470174624737567 0.5357046235648821
0.023376556000659403 0.29489404367466177 0.6817294003246788
0.00971738037054455 0.6003811308355222 0.3899014887939332
0.023448568375350524 0.3346880780574822 0.6418633535671673
0.012690828685892327 0.5574200591936953 0.42988911212041225
0.017276391478919816 0.2967678755237094 0.6859557329973708
0.02588729082409214 0.024533962736616878 0.949578746439291
0.008327632244266168 0.5245458912310843 0.4671264765246495
0.008250240792214897 0.6375001734488323 0.354249585758953
0.006887499734945082 0.609547704498583 0.38356479576647184
0.005767393455009376 0.7023213790126307 0.29191122753235993
0.017771933171886342 0.12874410976730005 0.8534839570608136
0.017500714457872282 0.13034793090633798 0.8521513546357897
0.007273262029158603 0.5817625796174709 0.4109641583533704
0.007855260901847615 0.5870735695719231 0.40507116952622924
0.0062252795051670855 0.5989107078590634 0.39486401263576953
0.0161369578094611 0.048069364437133354 0.9357936777534056
0.008313732882821527 0.41695499347133286 0.5747312736458455
0.01406525951004202 0.13613690232868936 0.8497978381612686
0.009293161640354097 0.43178997173656897 0.5589168666230768
0.015128434427264319 0.0718588475446675 0.9130127180280682
0.009579984264366096 0.37241426695930324 0.6180057487763305
0.015493382154943888 0.11513240494690304 0.8693742128981531
0.00884532068338469 0.4169928537120127 0.5741618256046026
0.010584430966094675 0.376555827398652 0.6128597416352533
0.025756219556722824 0.16064972593027996 0.8135940545129972
0.05051433418789355 0.09063755335268427 0.8588481124594223
0.04678142070614413 0.29148945247809094 0.6617291268157649
0.10897016294334037 0.2365389555390496 0.65449088151761
0.32200152550019473 0.006752646055907434 0.6712458284438979
0.13192576819719232 0.0007068990680787227 0.867367332734729
0.16099896299057503 0.011030701935680478 0.8279703350737444
0.3192604903207601 1.6727582125230484e-05 0.6807227820971147
0.21881166497293708 2.878555782287481e-06 0.7811854564712807
0.16796508000759783 8.754765206392907e-06 0.8320261652271957
0.168827963667471 4.0593610122164666e-05 0.8311314427224068
0.17382504195875892 2.3819847360364923e-05 0.8261511381938808
0.17768249511453216 1.161074083285551e-08 0.822317493274727
0.2888603806510516 1.6511381561247663e-07 0.7111394542351328
0.19328156139796993 5.615228567086255e-09 0.8067184329868016
0.20345225786175825 3.4198144142268804e-08 0.7965477079400975
0.20185961445868159 2.1645692949020046e-07 0.798140169084389
0.20257604188647887 2.6885896707510694e-07 0.7974236892545541
0.20257656169668803 4.851302447528408e-09 0.7974234334520095
0.20257150792321732 8.568779924320913e-08 0.7974284063889834
0.20257624285777667 2.812501208940187e-09 0.7974237543297221
0.20257580461259753 4.125885914576157e-09 0.7974241912615166
0.202574544804311 7.017478915332003e-09 0.79742544817821
0.20257335866473433 1.901694529863223e-09 0.7974266394335711
0.20257443087071916 2.9954437281987895e-07 0.7974252695849079
0.2026392459993819 1.0048783783870218e-08 0.7973607439518343
0.2025739291464666 3.983034180506378e-07 0.7974256725501153
0.20264109809261618 1.4933051968780932e-08 0.7973588869743318
0.20255819307359774 6.656404358532469e-09 0.7974418002699978
0.202566572539498 3.1614788464365035e-06 0.7974302659816556
0.20255629509313539 1.6458295502246425e-06 0.7974420590773144
0.20257933374487827 1.621117740884914e-06 0.7974190451373808
0.2025654009754411 4.594683712797984e-06 0.7974300043408461
0.20263462214961386 4.276016879496321e-07 0.7973649502486981
0.20252760442324644 6.816958339430539e-06 0.7974655786184142
0.2024555063056283 0.00023928498344482884 0.7973052087109268
0.2024527922996567 0.0002457103486661412 0.7973014973516771
0.2024524313440292 0.0002465652626833058 0.7973010033932875
0.20249380433173716 4.226636064702802e-05 0.7974639293076158
0.20249266631065285 4.768172781261132e-05 0.7974596519615346
0.20248688287152194 7.622707276933769e-05 0.7974368900557087
0.20248381488515196 9.124774815429493e-05 0.7974249373666937
0.20245613745498442 0.00022791775385140484 0.7973159447911641
0.20249664543005816 2.7792032818190112e-05 0.7974755625371237
0.2024838449061745 9.090937571326712e-05 0.7974252457181122
0.20250129909613798 4.543025309726007e-06 0.7974941578785523
0.20243466647119926 0.00033346854284367476 0.7972318649859571
0.20250084733643592 4.4924805410895045e-06 0.797494660183023
0.2024429293463759 0.00028814895067413187 0.7972689217029499
0.20250057243284555 4.890851897680749e-06 0.7974945367152567
0.20250149729318698 1.8209162036198723e-05 0.7974802935447768
0.20243976300893937 0.0002055138792449533 0.7973547231118157
0.20250494793487825 7.218161503102049e-05 0.7974228704500909
0.2024443272839116 0.0002735175817529879 0.7972821551343354
0.2024376811427897 6.371078280903404e-05 0.7974986080744012
0.20253286289523856 0.0001387409359407167 0.7973283961688208
0.20247550021207775 2.6385673768270477e-05 0.7974981141141539
0.20239530024108943 1.5732858873187036e-05 0.7975889669000373
0.20244058358679295 4.410095217967356e-08 0.7975593723122549
0.20276082015458288 3.780317453873103e-07 0.7972388018136717
0.20236998569930498 1.15031937478401e-05 0.7976185111069471
0.20230593524718296 0.00040859326611298143 0.7972854714867041
0.2022179143049551 0.0005176212311320982 0.7972644644639127
0.20235860295659333 2.585975832111994e-05 0.7976155372850856
0.202331165213965 9.684806640523098e-05 0.7975719867196298
0.20222219018413803 0.0003304733708918367 0.79744733644497
0.20221589331618073 0.00014453174203303657 0.7976395749417863
0.20206926077789286 0.0010190170128741394 0.7969117222092331
0.20226780023358587 0.0002232114672217302 0.7975089882991925
0.2020645785081307 0.001066165296658066 0.7968692561952113
0.20216060959198054 9.199365208811561e-05 0.7977473967559314
0.20215328306819633 0.00047045615937437525 0.7973762607724293
0.20212909711437846 0.00033467590754855973 0.797536226978073
0.20217880453841713 1.745923974247401e-05 0.7978037362218404
0.20239328491291883 2.159188649892423e-05 0.7975851232005823
0.20172718272468204 0.0019253301566176937 0.7963474871187003
0.20191601906980192 0.0008471204223316185 0.7972368605078665
0.2016416385725131 0.002150494469402247 0.7962078669580847
0.2017605748092208 0.0015542435146683568 0.7966851816761109
0.20195469628914536 0.0005919752709345061 0.7974533284399202
0.2020289101463654 0.0002147431021918031 0.7977563467514427
0.20201004749620066 0.0003066121492392236 0.7976833403545601
0.20195084930470342 0.0005880975613529018 0.7974610531339438
0.20201137686079146 0.0002783442771158062 0.7977102788620927
0.20195962874518567 0.0004658861225103398 0.7975744851323039
0.20206255463500866 1.9535695162754355e-05 0.7979179096698287
0.20201421520881072 0.00018802805403491928 0.7977977567371544
0.20199881807189396 0.00031474052600364427 0.7976864414021023
0.20177711621356811 0.00132438806766439 0.7968984957187676
0.20184620930146996 0.0008843097192768261 0.7972694809792531
0.20206370356174264 5.5112250997688024e-05 0.7978811841872596
0.2018589379605463 0.0008309889960826018 0.7973100730433711
0.20182611152734278 0.0010839129872459374 0.7970899754854112
0.20180326017991881 0.0010409561843488402 0.7971557836357324
0.2021218527481762 2.8649614764317065e-05 0.7978494976370596
0.20197088147411832 0.00027514199737212663 0.7977539765285095
0.2020481838048374 0.00015434550235935983 0.7977974706928033
0.20206010758718287 2.8612481007794992e-06 0.7979370311647164
0.2020462867782854 3.270621068784598e-05 0.7979210070110268
0.20204867994350093 1.0771978763988544e-07 0.7979512123367114
0.2020501649215757 9.272290686494567e-07 0.7979489078493557
0.20203875286554535 1.73752932212759e-06 0.7979595096051326
0.20209914110261834 1.0202043519598496e-07 0.7979007568769464
0.2020483776899416 6.112333849552073e-06 0.7979455099762088
0.2020330355857662 5.97310192038442e-06 0.7979609913123135
0.202053035867141 5.611786432041812e-06 0.797941352346427
0.20205814895047336 9.057534586473994e-08 0.7979417604741808
0.2020554987873594 1.0186807616813784e-06 0.797943482531879
0.20205651241087863 3.025067431046249e-07 0.7979431850823782
0.20205597249214385 6.375543610174193e-08 0.7979439637524202
0.20205554028524428 2.262183857356268e-06 0.7979421975308982
0.2020557906367086 8.74292729457514e-08 0.7979441219340184
0.20205648059691492 3.567588491290587e-09 0.7979435158354965
0.2020557528223924 1.5910584157935082e-07 0.7979440880717661
0.20205601253877198 4.2011290754221494e-08 0.7979439454499372
0.2020557498493081 1.4053407203407227e-07 0.7979441096166199
0.20205574805316848 3.703878173129401e-09 0.7979442482429533
0.20205572432387428 7.309479255330416e-08 0.7979442025813331
0.20205539521729143 7.263540117997887e-07 0.7979438784286967
0.2020559772660886 6.889744299829642e-08 0.7979439538364684
0.20205583157061163 8.634452451360511e-08 0.7979440820848638
0.20205540866175845 2.8742128350669756e-07 0.797944303916958
0.2020550420292643 1.8936985402178244e-06 0.7979430642721955
0.20205529613879444 5.827227377190234e-07 0.7979441211384678
0.20205499135748298 2.0996204242179146e-06 0.7979429090220928
0.20205509492713095 1.5890648488080943e-06 0.7979433160080204
0.2020553746546007 1.9225211502856556e-07 0.7979444330932843
0.2020554044599243 6.825467575328498e-08 0.7979445272854
0.20205540936744526 2.9763659118767448e-08 0.7979445608688956
0.202055300631065 5.510358997558143e-07 0.7979441483330352
0.20205536867473425 2.0414868309615348e-07 0.7979444271765826
0.20205507463285063 1.653329579736529e-06 0.7979432720375697
0.20205497657511703 2.1140773891052496e-06 0.7979429093474939
0.20205537647970653 1.341819294933615e-07 0.7979444893383639
0.2020553948856363 4.2113402731524464e-08 0.797944563000961
0.20205530023769974 4.986199712037372e-07 0.7979442011423291
0.20205501507254364 1.873946493181637e-06 0.7979431109809633
0.2020551342057463 1.1593499184358856e-06 0.7979437064443351
0.20205535833676025 2.0814871229552447e-08 0.7979446208483685
0.20205533035918327 5.81258259223636e-08 0.7979446115149907
0.2020551851241201 6.428587293259204e-07 0.7979441720171505
0.202055305635469 2.1001855584430484e-08 0.7979446733626754
0.2020552736042532 2.2914143784585229e-07 0.7979444972543089
0.2020553066334951 6.462627526393116e-08 0.7979446287402298
0.20205533070232495 4.367148050727459e-09 0.7979446649305271
0.20205526743497382 4.062577221019546e-08 0.7979446919392539
0.20205534798270938 2.96611515130591e-10 0.7979446517206792
0.20205533436405373 4.056028423886841e-09 0.7979446615799178
0.2020553403027321 1.7384725049966462e-09 0.7979446579587954
0.20205532204672683 3.9806469762145635e-12 0.7979446779492925
0.20205539309644632 2.6518455883434336e-12 0.797944606900902
0.20205529549656998 4.158370403321323e-12 0.7979447044992716
0.2020553256444307 3.3713897184300043e-10 0.7979446740184303
0.20205532234084733 4.916296103237189e-11 0.7979446776099898
0.20205522726978262 1.6410156118851392e-11 0.7979447727138071
0.20205565781192716 9.63462978711922e-10 0.7979443412246098
0.2020553241905398 2.943119561442401e-09 0.7979446728663407
0.20205526304648605 3.869463955050085e-11 0.7979447369148193
0.20205582426199933 2.7777115149711845e-10 0.7979441754602294
0.20205510995279533 1.0543201328370757e-07 0.7979447846151914
0.20205537938070023 5.956803872091111e-09 0.797944614662496
0.2020549935110697 2.527527100237001e-07 0.7979447537362202
0.20205536273274302 4.886488760410754e-08 0.7979445884023693
0.20205607774448844 1.0528422370809694e-08 0.7979439117270891
0.20205472761471954 8.729035018027686e-07 0.7979443994817785
0.2020548359046433 1.0800428871726686e-06 0.7979440840524696
0.20205472946108446 2.175560257896794e-08 0.7979452487833129
0.20205486083564783 1.3582123995442543e-08 0.7979451255822282
0.20205459197392855 3.7746195845667125e-07 0.7979450305641129
0.2020543484274803 2.6376988439484556e-07 0.7979453878026354
0.20205437268933105 4.544571448187645e-07 0.7979451728535241
0.20205409785782258 1.1283842026128905e-06 0.7979447737579748
0.20205367439807642 3.185576164557651e-06 0.797943140025759
0.20205427399737455 4.2045195656501056e-07 0.7979453055506689
0.2020541521096765 1.0228643655214928e-06 0.797944825025958
0.20205326470486734 4.985610399688022e-06 0.797941749684733
0.2020535310691404 3.546345250090068e-06 0.7979429225856094
0.20205395705234686 1.3882056800163193e-06 0.7979446547419731
0.20205421643775917 7.310288260689814e-08 0.7979457104593581
0.2020544029919405 1.0913628678355893e-07 0.7979454878717727
0.2020538806455769 1.3873835784525417e-06 0.7979447319708446
0.20206273482710796 3.026146876975074e-06 0.7979342390260151
0.20206313213150773 3.0834289103367287e-06 0.797933784439582
0.20205321979754973 4.386451123690229e-06 0.7979423937513266
0.2020522709050485 5.563526788119793e-07 0.7979471727422727
0.2020514390294414 1.041015195073852e-06 0.7979475199553636
0.20205066564562033 8.903301357248829e-07 0.7979484440242439
0.20204978083507516 2.925537184158385e-08 0.7979501899095529
0.20206392879327692 1.63437548227891e-08 0.7979360548629681
0.20205512759946878 6.770250350739159e-08 0.7979448046980276
0.20206798570061207 9.452150548382672e-08 0.7979319197778826
0.20204025562539818 2.6903866731056134e-05 0.7979328405078707
0.20204353493871793 1.226351284708809e-05 0.7979442015484349
0.20203985447388642 3.078849958193692e-05 0.7979293570265317
0.20204339824829426 1.2323222270785098e-05 0.7979442785294348
0.20204933310836287 2.6352518898919696e-06 0.7979480316397471
0.20203625862599883 3.532199896022874e-05 0.7979284193750409
0.2020359367260041 3.613063268204129e-05 0.7979279326413139
0.20203586228886652 3.626240622445808e-05 0.797927875304909
0.202043136972793 8.839161549303253e-07 0.7979559791110521
0.2020430612969987 1.178664235440183e-06 0.7979557600387658
0.2020391641289651 2.005327977531102e-05 0.7979407825912596
0.20204229455374184 4.427697875694857e-06 0.7979532777483824
0.20203292055477878 5.088842663323627e-05 0.797916191018588
0.20204081833466778 1.1871955592610971e-05 0.7979473097097396
0.2020360720156194 3.523827784392935e-05 0.7979286897065366
0.20203395569332758 4.50112972855876e-05 0.7979210330093868
0.20204280678155875 6.286421943596301e-07 0.7979565645762469
0.20204282880427382 6.859525513424092e-07 0.7979564852431749
0.20203941350691024 1.7021669484382007e-05 0.7979435648236053
0.20204089810159925 9.460962413150236e-06 0.7979496409359875
0.20204157506008696 4.9902794065554964e-06 0.7979534346605065
0.20203963568060126 1.4384488907767517e-05 0.7979459798304911
0.20203773613884343 2.147047872430967e-05 0.7979407933824322
0.20204140128097017 1.5061161386479795e-07 0.797958448107416
0.20204109808722573 1.3509049116637094e-06 0.7979575510078626
0.20204101215200798 4.51444929766079e-07 0.7979585364030622
0.20204105662296462 6.98040218664273e-07 0.7979582453368167
0.2020413424020482 4.144399406563299e-08 0.7979586161539577
0.20204114750133925 3.900851452176273e-08 0.7979588134901463
0.20204086023192094 1.1503841540579981e-07 0.7979590247296636
0.20203984293580704 5.697161523462843e-07 0.7979595873480406
0.20203984614730391 5.773760996057568e-07 0.7979595764765965
0.20204159945965863 2.3670168770445555e-08 0.7979583768701727
0.20204097087964173 5.1733588632653395e-08 0.7979589773867696
0.20204072318746408 3.280063042013132e-07 0.7979589488062316
0.20204184310854975 1.5356293926466297e-08 0.7979581415351563
0.20204154995333434 6.964135478759679e-09 0.7979584430825301
0.2020403501928309 8.494809100518962e-07 0.797958800326259
0.20204022630335144 1.1089556676677022e-06 0.7979586647409809
0.20204061300728018 2.3124864866841088e-07 0.7979591557440712
0.20204109077236443 3.880877127420593e-08 0.7979588704188643
0.20204097058158937 4.589387470069849e-08 0.7979589835245359
0.2020400153879455 1.103098911209436e-06 0.7979588815131433
0.20204018868767804 3.0204597748177106e-07 0.7979595092663445
0.20204012273290683 5.915905443466443e-07 0.797959285676549
0.20204015960879249 2.5633508645405073e-07 0.797959584056121
0.20203957035915815 3.106735139737435e-06 0.7979573229057021
0.2020398994676048 1.374927060113054e-06 0.7979587256053351
0.2020394628234753 3.5086596038027624e-06 0.7979570285169209
0.20203987969142415 1.3962586342577e-06 0.7979587240499415
0.2020401114329367 2.3222997841573495e-07 0.7979596563370849
0.20204015583641796 8.934439265886712e-08 0.7979597548191893
0.20203969227025353 2.2489153972056046e-06 0.7979580588143492
0.20204014113538463 1.2785967022839595e-07 0.7979597310049451
0.20203999978491502 7.537828769176613e-07 0.7979592464322081
0.20203959298124297 2.6482534694720974e-06 0.7979577587652876
0.20203992145693825 9.08852475100128e-07 0.7979591696905867
0.20204005043447038 1.8724679101821865e-08 0.7979599308408505
0.2020399694494909 3.988382227688707e-07 0.7979596317122863
0.2020400374241567 1.337702042786462e-08 0.7979599491988228
0.20204002380988123 1.0729572848986276e-08 0.7979599654605458
0.20203987981069402 7.177991451665227e-07 0.7979594023901607
0.20203988078880647 7.02137056364213e-07 0.7979594170741372
0.20203993560608663 4.694359150978045e-07 0.7979595949579983
0.20203987732227652 4.345526115309687e-07 0.7979596881251121
0.20204002015477057 1.890005968888621e-08 0.7979599609451697
0.20204003008481602 1.933859686114812e-09 0.7979599679813243
0.20203998950672059 3.412771563793996e-08 0.7979599763655637
0.20204001868611934 7.903001102621627e-09 0.7979599734108795
0.20203999076561371 6.572707196500028e-08 0.7979599435073144
0.2020400162171931 2.7948989128598933e-09 0.7979599809879081
0.20203999997444405 6.55383209655111e-10 0.7979599993701727
0.20203999923188998 5.244195167196049e-10 0.7979600002436905
0.20203998423423447 1.6396911391865138e-08 0.7979599993688541
