inside membrane outside
0.021250463047068863 0.0 0.9787495369529312
0.015436119781242045 5.584193037291367e-09 0.9845638746345649
0.020141737771648214 2.4282410306177847e-08 0.9798582379459415
0.022726333310288695 7.170459248902235e-10 0.9772736659726654
0.019494493269171277 1.0827783016255845e-07 0.9805053984529984
0.019048422074843398 5.392850976095305e-07 0.980951038640059
0.019494318854740577 2.428984889416329e-07 0.9805054382467705
0.028083780844855667 1.9775098674217507e-07 0.9719160214041576
0.022133317345441373 5.52099822793323e-07 0.9778661305547358
0.02808377002653869 1.656042172290355e-07 0.971916064369244
0.021529706471778914 1.5647008272286252e-08 0.9784702778812129
0.02152965118195584 4.6313705464120676e-07 0.9784698856809895
0.02152960718279549 7.307239912482404e-07 0.9784696620932133
0.02152961412677878 4.0882137811790423e-07 0.9784699770518431
0.021529582742099138 1.8662290801966957e-06 0.9784685510288207
0.021529617090366035 2.6806586288304515e-07 0.978470114843771
0.02152961712663545 2.659124517388124e-07 0.9784701169609128
0.02152961717645909 2.635203834029103e-07 0.9784701193031574
0.021529581551606593 1.918755951736103e-06 0.9784684996924418
0.021529621632238316 1.2198558324146385e-07 0.9784702563821784
0.021529623471457485 3.5511544760882875e-08 0.9784703410169978
0.0215296030962428 1.0828315219147409e-06 0.9784693140722353
0.02152960933744306 1.0520384993929022e-06 0.9784693386240575
0.021529625467277786 4.270987674311004e-07 0.9784699474339548
0.02152965832230371 4.498772014534735e-07 0.9784698918004948
0.021529683793339086 1.349958305640904e-08 0.9784703027070779
0.02152971255270874 3.5177651345595375e-08 0.9784702522696399
0.02152966851614729 8.58373322760833e-09 0.9784703229001195
0.021529693321438937 1.4777328901996364e-07 0.978470158905272
0.02152968082612997 1.7959899300597917e-07 0.9784701395748769
0.021529668812880532 6.793540908105482e-10 0.9784703305077654
0.021529712407735 3.4368667156480174e-10 0.9784702872485783
0.021529712232094017 4.6277617226097524e-11 0.9784702877216284
0.02152968738559314 8.350844091822898e-12 0.978470312606056
0.02152975124032255 3.923447065080311e-11 0.978470248720443
0.021529697171018575 6.486126197892241e-09 0.9784702963428552
0.021529699040142024 1.8907885521110334e-10 0.9784703007707791
0.021529697271278108 9.600535897111797e-09 0.978470293128186
0.02152969847749507 8.833763250082494e-09 0.9784702926887416
0.021529699362643782 8.909228762984804e-10 0.9784702997464333
0.021529698496113213 1.8985052013434902e-09 0.9784702996053816
0.02152969825677515 1.3390739805604798e-08 0.9784702883524851
0.021529698482256488 3.1865638627942794e-09 0.9784702983311796
0.02152969850045334 1.8876243522920437e-09 0.9784702996119223
0.021529698458413345 3.796746262022187e-09 0.9784702977448404
0.021529698526075496 7.808582677238625e-10 0.9784703006930662
0.021529698501504994 1.8510574049068048e-09 0.9784702996474376
0.02152969854391069 5.086490162613557e-10 0.9784703009474403
0.02152969853676781 2.7013738850736573e-10 0.9784703011930949
0.02152969836562951 8.207534878830293e-09 0.9784702934268357
0.021529698376323028 8.075302309388927e-09 0.9784702935483747
0.02152969863227389 1.1919053839459704e-10 0.9784703012485356
0.021529698875899794 2.215954186272958e-10 0.9784703009025048
0.02152969854734087 2.4298358696819358e-09 0.9784702990228233
0.021529698630843818 5.596408743769412e-11 0.9784703013131921
0.021529698765945515 4.179065416711805e-10 0.9784703008161479
0.02152969860182767 1.4206007879278878e-09 0.9784702999775715
0.021529698823958283 4.237591305360758e-11 0.9784703011336658
0.02152971174741046 4.722565172470368e-12 0.978470288247867
0.0215296949301409 1.1188760288429407e-12 0.9784703050687402
0.021529721619764196 2.502997963762937e-11 0.978470278355206
0.021529694740663033 4.1781483489797464e-12 0.9784703052551589
0.021529743823566625 9.917378903607425e-13 0.9784702561754416
0.02152974542955087 5.27924047626731e-13 0.9784702545699213
0.021529703785263206 2.14904032086972e-12 0.9784702962125876
0.021529703924022984 3.681074962618137e-11 0.9784702960391664
0.021529754545923218 2.4775478565557406e-11 0.9784702454293013
0.021529688748533997 1.4308313225311354e-11 0.9784703112371577
0.021529678749558332 7.870255745522013e-09 0.978470313380186
0.021529741007582443 2.6308634716984376e-09 0.9784702563615542
0.021529679665724995 5.788711687648704e-08 0.9784702624471581
0.021529667953937657 1.3359184675554649e-09 0.9784703307101439
0.021529663464016722 1.0442794305140647e-07 0.9784702321080402
0.021529660683161974 1.2938593639502988e-09 0.9784703380229787
0.021529655956748397 9.530886265975101e-09 0.9784703345123653
0.021529663231366097 1.3492408276628173e-08 0.9784703232762256
0.021529658415783297 1.5451515108598017e-08 0.9784703261327016
0.021529651715121462 1.6231747782443288e-07 0.9784701859674008
0.021529652634337895 2.030369439153078e-09 0.9784703453352926
0.021529646734078506 1.3824522715975283e-07 0.9784702150206942
0.021529649647970148 1.1924137602103786e-08 0.9784703384278923
0.021529652448920446 3.1364842017184123e-09 0.9784703444145953
0.021529643293217448 2.0702662545863613e-07 0.978470149680157
0.021529644031349195 1.467498779813031e-07 0.9784702092187727
0.021529642739681325 2.918207500754374e-08 0.9784703280782437
0.02152963528719226 2.8987842395836678e-08 0.9784703357249653
0.021529644300679572 1.9890171059935707e-07 0.9784701567976098
0.02152964169421086 1.9242022939202446e-07 0.9784701658855598
0.021529571257654027 3.075249738079611e-09 0.9784704256670963
0.02152977201287499 3.5376367450436e-08 0.9784701926107576
0.021528601607988897 1.4702366730317052e-08 0.9784713836896444
0.021566055872106343 1.0360855355438344e-09 0.9784339430918081
0.021520288572129516 1.0050172242362246e-08 0.9784797013776981
0.0215343675289059 4.611946919723378e-09 0.9784656278591473
0.021515639100781032 3.3195065602935063e-08 0.9784843277041534
0.021529154353054233 2.0863407474426442e-07 0.9784706370128711
0.021576654450893348 6.3595210247084985e-09 0.9784233391895856
0.02150888974603646 4.1341034458863816e-07 0.978490696843619
0.021660050091765068 5.1742730759152705e-08 0.9783398981655043
0.02153988862570864 4.621976922490621e-07 0.978459649176599
0.021502628376836714 2.5722332776972072e-06 0.9784947993898857
0.021468475012272913 3.436949805367111e-05 0.9784971554896735
0.021471934010605633 0.00010403689848735341 0.978424029090907
0.021471498199009276 2.381560220767297e-05 0.9785046861987831
0.021481866835138905 0.00017079788599263187 0.9783473352788684
0.02159580900062481 4.377905567036572e-06 0.9783998130938082
0.02144206054719181 2.148489042154469e-06 0.9785557909637661
0.021405760404402764 0.00025067454497057934 0.9783435650506267
0.021445357051956174 7.138727861714835e-05 0.9784832556694266
0.021396942303795193 0.00031364357614988237 0.9782894141200549
0.021457868941826056 0.0003009660471192981 0.9782411650110545
0.02138708461747594 0.00014788428146177588 0.9784650311010623
0.021392840164406495 0.0003929007801642521 0.9782142590554292
0.021398805397013096 9.214347630149795e-06 0.9785919802553568
0.0213758763062735 1.2025605449648703e-05 0.9786120980882768
0.021351574612048944 0.00015795964945059432 0.9784904657385005
0.021290577839430076 0.0015634357421805225 0.9771459864183895
0.021316896609496146 0.00023402431667091802 0.9784490790738329
0.021297000020202315 0.0011015938960492043 0.9776014060837485
0.021305207337405853 0.000674481046173693 0.9780203116164204
0.02129478120091438 0.0011499922722621912 0.9775552265268235
0.021310502936028358 0.00041205011368851267 0.9782774469502832
0.021294093093443947 0.001180121919704169 0.9775257849868518
0.02130360790572085 0.0007345900501860337 0.9779618020440931
0.021318535212794042 2.1212012166354847e-05 0.9786602527750395
0.021294591717935213 0.0011105055035830098 0.9775949027784818
0.02130193284071212 0.0008641909442515067 0.9778338762150364
0.021325739458307 2.128693358422139e-05 0.9786529736081088
0.021312617950302426 0.0003840793899025739 0.978303302659795
0.021317950288109056 0.00011192911662712844 0.9785701205952638
0.021295945672757364 0.001282264816899779 0.9774217895103429
0.02131621578104954 0.0003533840254430107 0.9783304001935075
0.02133187438279485 0.0003280481036350743 0.97834007751357
0.021342503535727916 0.0010451307321851372 0.977612365732087
0.02146877728980219 3.6990942879742236e-05 0.9784942317673181
0.021667822471554313 4.281376580285308e-05 0.9782893637626429
0.021456065531416366 0.00022481535587145316 0.9783191191127122
0.02185294310381605 0.0002563161695444828 0.9778907407266395
0.021497242622730874 0.00011205188553606104 0.9783907054917331
0.021977429251912574 1.2239295048963463e-07 0.9780224483551369
0.02215991353583648 5.353116866594075e-09 0.9778400811110467
0.021981058788717322 5.783056259818715e-10 0.978018940632977
0.021579972663322268 8.021090296310831e-08 0.9784199471257747
0.021628121283091193 3.5223757939772586e-09 0.978371875194533
0.02151399411635594 1.940933502535114e-09 0.9784860039427106
0.021979333539019215 1.892935975304831e-07 0.9780204771673834
0.02183960449917889 7.327563138879339e-07 0.9781596627445072
0.021447713552077953 0.00037533676174855983 0.9781769496861734
0.021394574056162338 0.000409902149872842 0.9781955237939648
0.02141064879151439 9.16023441179448e-05 0.9784977488643677
0.02141344698522481 8.314359639410776e-05 0.9785034094183811
0.021396748139467625 0.0004308807746868878 0.9781723710858455
0.021412113146313475 4.9707198120242804e-05 0.9785381796555663
0.021387806602875887 0.00018157657651253394 0.9784306168206116
0.021412511221785613 0.00025836952241529705 0.9783291192557992
0.021394483449431873 0.00026335553183780383 0.9783421610187303
0.02145596595366074 6.300304402316254e-06 0.978537733741937
0.02139150979911074 9.263571983108357e-05 0.9785158544810582
0.021385294790241236 0.00018692364432811026 0.9784277815654308
0.021384849442320115 9.35011418546583e-06 0.9786058004434944
0.021426799526549797 0.00039272731345806625 0.9781804731599921
0.021372229671534498 0.00048152427140029535 0.9781462460570652
0.021353696022624723 0.0005561557965953172 0.9780901481807799
0.021352385091411498 0.0005347284176613855 0.9781128864909272
0.021351066191795994 0.0005581918676493635 0.9780907419405547
0.02135848702715214 0.0001877821709708139 0.978453730801877
0.021362186955117688 3.030538384197504e-05 0.9786075076610403
0.021360233786352913 6.492448189002683e-05 0.978574841731757
0.021358244595217842 0.000151633796374695 0.9784901216084074
0.021356651641675755 0.00022505245065801966 0.9784182959076663
0.021357978863523152 7.752491542837702e-05 0.9785644962210485
0.02135888914794299 5.4529216517521556e-05 0.9785865816355395
0.02135885698283761 2.360251705861294e-05 0.9786175405001039
0.021358836265869756 2.3482695825677936e-05 0.9786176810383047
0.021354771800055634 0.00011900719324471971 0.9785262210066996
0.02135505115841918 0.00011548108724600053 0.9785294677543348
0.02135904234777572 2.1896646323648425e-06 0.9786387679875919
0.021358062200330562 6.365355921720096e-05 0.9785782842404521
0.021355941514911648 0.0001416722046192877 0.978502386280469
0.021358481340671094 3.770526585957379e-05 0.9786038133934695
0.02135895709347592 2.9662043938105184e-05 0.978611380862586
0.02136073254452027 2.0644801821562875e-05 0.9786186226536582
0.021360274183292335 8.36382170711682e-07 0.9786388894345369
0.021359327976856825 2.0910386125973224e-05 0.9786197616370171
0.021360249552954742 3.9355316827330516e-07 0.978639356893877
0.021359502374757647 7.4720675013857606e-06 0.978633025557741
0.021359830464805888 7.5517547363692864e-06 0.9786326177804576
0.021361235167383915 9.53550139001454e-07 0.9786378112824771
0.021360107288294763 1.0733208750624009e-06 0.9786388193908302
0.021360528196929653 2.2636078515902066e-06 0.9786372081952187
0.02136104720606191 2.1267558084341883e-08 0.97863893152638
0.02136101798794154 2.541022185324895e-07 0.97863872790984
0.02136124158397316 8.657485915622868e-09 0.9786387497585409
0.021361357207805902 4.2980093164459804e-07 0.9786382129912624
0.021362547502138663 1.9127656392198996e-08 0.9786374333702049
0.021361714021694348 1.907802201810787e-07 0.9786380951980855
0.02136125123699541 1.4037654617899269e-09 0.9786387473592392
0.021361222096822115 2.7636877659893788e-08 0.9786387502663002
0.02136142753921198 8.209185869708041e-08 0.9786384903689294
0.021361542469338985 2.542942558213085e-09 0.9786384549877185
0.021361492831387708 9.176621026607206e-11 0.978638507076846
0.021361869701852408 8.532107295601094e-12 0.9786381302896155
0.021361296672422227 3.207217451425587e-11 0.9786387032955056
0.02136197192948215 4.5403583648738346e-09 0.9786380235301595
0.021361350493212156 3.6488397744625585e-08 0.9786386130183902
0.02136181452234475 1.4765296360937158e-09 0.9786381840011256
0.021361484458156846 9.61748001213093e-09 0.9786385059243632
0.021361423696082245 1.4486253587183444e-07 0.9786384314413819
0.021361746878079034 3.878978111603949e-09 0.9786382492429428
0.021361395892128487 4.6129946305079575e-08 0.9786385579779253
0.021361284071420388 5.952338586341822e-09 0.978638709976241
0.021361110481353807 1.0732530036887378e-06 0.9786378162656426
0.021361086716058186 1.4228283160663961e-06 0.9786374904556258
0.021361068859129445 1.7513671271949308e-06 0.9786371797737433
0.021361067869462895 1.6789424960400506e-06 0.9786372531880411
0.021361096887059686 2.474926526120821e-07 0.9786386556202877
0.02136110207495168 4.7538877582825216e-08 0.9786388503861708
0.02136105786063431 2.038521417089251e-06 0.9786369036179486
0.02136110179936695 3.98486901301264e-08 0.978638858351943
0.02136105617840183 2.1657628890621007e-06 0.9786367780587091
0.02136109824014124 2.0050188613593078e-07 0.9786387012579726
0.02136103883905458 2.9666825542139147e-06 0.9786359944783912
0.02136109589016173 2.9944999083650265e-07 0.9786386046598474
0.021361097554284694 2.3271347973302294e-07 0.9786386697322357
0.021361054335740343 2.246854749897789e-06 0.9786366988095099
0.02136108946862122 7.302835710667128e-07 0.9786381802478077
0.021361062106246477 2.053642902156985e-06 0.9786368842508514
0.021361115795384723 4.086262058428948e-08 0.9786388433419947
0.02136114539127706 9.194674048594013e-08 0.9786387626619824
0.021361142043934515 5.455136772079352e-07 0.9786383124423883
0.021361098963004255 1.6698586333322254e-06 0.9786372311783624
0.02136124186315757 1.3041074915922433e-07 0.9786386277260932
0.02136111392828949 2.10444954224469e-06 0.9786367816221683
0.02136115181899011 6.7289248281514e-07 0.978638175288527
0.02136117566882286 1.412728955569415e-06 0.9786374116022215
0.021361393049815627 2.8458509200679434e-07 0.9786383223650924
0.02136151902476267 6.317864526246268e-08 0.9786384177965921
0.021362057422302575 2.589435325360545e-09 0.9786379399882622
0.021361666035446737 2.241445885963571e-08 0.9786383115500945
0.02136138710295407 7.46263079680181e-09 0.9786386054344152
0.021361396751210366 1.676143366951806e-09 0.9786386015726463
0.021361192748788695 7.462387963762278e-08 0.9786387326273317
0.021364248821734037 4.412285836213399e-09 0.9786357467659801
0.021361206379802867 4.2870506197428215e-08 0.9786387507496909
0.021361887399972447 5.71765512467648e-09 0.9786381068823725
0.021361213950949667 5.441645848516826e-10 0.9786387855048858
0.021361243829493677 9.841178017573511e-08 0.9786386577587262
0.021361226149807278 2.746926011418397e-08 0.9786387463809326
0.02136401298646377 1.327457375113158e-08 0.9786359737389624
0.021360919259494487 8.103549203502714e-09 0.9786390726369563
0.021363192894757035 2.1880098285864643e-08 0.9786367852251446
0.021360106500874474 2.4282242430815486e-05 0.9786156112566947
0.021359641602056025 2.6970703314650125e-05 0.9786133876946294
0.021360119397788365 6.660172401629096e-07 0.9786392145849715
0.02135974326957811 1.2830396981276737e-05 0.9786274263334407
0.021359508452271185 2.1713797336174563e-05 0.9786187777503926
0.02136000765331368 4.947394687598722e-07 0.9786394976072176
0.02135995593523072 4.80724911166783e-07 0.9786395633398581
0.021359208770423743 3.5099516496424566e-05 0.9786056917130799
0.021359426356845512 2.477515163470897e-05 0.9786157984915197
0.021359657362911094 1.4064123756077515e-05 0.9786262785133327
0.021359786244525076 8.069854801509647e-06 0.9786321439006733
0.02135943459199408 2.4425977763454204e-05 0.9786161394302424
0.02135926401539512 3.2366943263900156e-05 0.9786083690413409
0.021359752633160523 9.59138015299147e-06 0.9786306559866865
0.021359413840329765 2.5634568149736844e-05 0.9786149515915205
0.021361141774567417 2.109524216957834e-06 0.9786367487012156
0.021360510559035616 3.454172247733928e-06 0.9786360352687166
0.021360798451465605 5.109241265787972e-06 0.9786340923072686
0.021361466267771405 2.0606181971965852e-05 0.9786179275502567
0.021364492162379727 1.48780692377466e-06 0.9786340200306964
0.021368186898073366 5.801526679915925e-07 0.9786312329492586
0.02137409106698113 3.086244998800376e-08 0.9786258780705689
0.021365723438043948 1.2688320504362974e-06 0.9786330077299056
0.021365031138727772 4.219526104041652e-07 0.9786345469086618
0.02136820875323422 1.3436608162121508e-07 0.9786316568806841
0.02136583706731473 1.4559301979404768e-08 0.9786341483733834
0.02136751867299066 1.4019923977479512e-06 0.9786310793346116
0.0213659994812706 8.753423685073069e-07 0.9786331251763609
0.021375929094030716 5.926947056301298e-08 0.9786240116364988
0.021366683315378474 1.8133356683327289e-07 0.9786331353510548
0.021367496154535853 3.966337157158845e-07 0.9786321072117485
0.021367573606572824 4.4970566933663904e-08 0.9786323814228602
0.02136755612656926 3.468649224575138e-08 0.9786324091869386
0.02136758229877579 1.3140076215665168e-08 0.9786324045611479
0.021367549601330058 6.45510888232475e-10 0.978632449753159
0.021368479930542656 2.0016099555916848e-09 0.9786315180678474
0.021368254407100426 1.8203364722185095e-09 0.978631743772563
0.0213684185165888 2.4532311154972566e-08 0.9786315569510999
0.02136755959349169 1.5041620453278278e-06 0.978630936244463
0.02136758335903108 3.7402129778727435e-07 0.9786320426196712
0.02136758085620661 2.468923002945833e-06 0.9786299502207905
0.02136760292545253 1.1138516718035318e-06 0.9786312832228756
0.021367605808104415 5.919664831367188e-08 0.9786323349952473
0.021367587282079603 1.193400693533502e-06 0.978631219317227
0.021367559719674876 2.153032074462566e-06 0.9786302872482506
0.02136758096793505 1.2113727302185905e-06 0.9786312076593348
0.021367584889524865 9.978858894329456e-07 0.9786314172245858
0.0213676452779135 3.879406524263869e-08 0.9786323159280212
0.021367579895244446 8.373527749885096e-07 0.9786315827519806
0.02136758977809196 4.393501729017504e-07 0.9786319708717351
0.021367535624992304 3.169080184478894e-06 0.9786292952948232
0.021367574227473186 1.984352647355963e-06 0.9786304414198794
0.021367619578883067 7.789557067642334e-07 0.9786316014654102
0.021367626492407255 2.0889152227776626e-06 0.97863028459237
0.021367819694877995 3.445663865012469e-08 0.9786321458484833
0.021367947024265834 2.2847233005628287e-07 0.9786318245034041
0.021367971490455263 8.206939157682846e-07 0.978631207815629
0.021368179950512513 4.389769779778344e-07 0.9786313810725096
0.021369291390448752 6.545151969645063e-08 0.9786306431580315
0.02136781034060079 4.3359151530746443e-07 0.978631756067884
0.02136773375069436 1.2290840493273866e-06 0.9786310371652563
0.021367999891412113 2.487841465972182e-08 0.9786319752301732
0.021368136710450986 7.106925877996792e-07 0.9786311525969612
0.021367948485058172 2.618435662384613e-07 0.9786317896713755
0.021368466933496907 5.115000272348902e-07 0.9786310215664759
0.021368106096218094 1.4482219436199483e-06 0.9786304456818383
0.021367468025526776 6.967297922526188e-06 0.9786255646765507
0.02136735609408029 2.53694488341986e-07 0.9786323902114313
0.021368801258565582 1.4299264308317703e-05 0.978616899477126
0.021367338328796066 2.145334439513146e-05 0.9786112083268088
0.021367627879598387 7.85080146744692e-06 0.9786245213189342
0.021367040553831904 2.7963551094912258e-05 0.9786049958950731
0.02136636933677208 6.516840516493381e-05 0.978568462258063
0.021371921197683226 2.740318420138059e-06 0.9786253384838965
0.021367802908388165 1.8066975463489876e-05 0.9786141301161483
0.02136684050403784 1.0948943772701202e-05 0.9786222105521896
0.02136735427558609 1.926057576505925e-05 0.9786133851486488
0.021366799882436633 5.343986535733003e-06 0.9786278561310275
0.021364057681220294 6.587990760884237e-05 0.978570062411171
0.02136399089579453 6.688059274307364e-05 0.9785691285114625
0.021366526735353726 1.4240276620060726e-06 0.9786320492369843
0.021365587409774126 6.301513287279012e-06 0.9786281110769386
0.02136517344367956 2.4252982690487886e-05 0.9786105735736299
0.021364516352091523 4.326613904759015e-05 0.9785922175088608
0.0213631518934482 0.00010678878755317085 0.9785300593189986
0.021363826801328353 7.542099414473175e-05 0.9785607522045269
0.021364876622768533 4.064576319406372e-05 0.9785944776140374
0.021363905816974938 9.789039906349529e-05 0.9785382037839615
0.02136763191192917 6.369549222998372e-05 0.9785686725958409
0.021378288876051924 2.2859175318485175e-06 0.9786194252064162
0.02137610145277591 2.5051664953920785e-05 0.9785988468822702
0.021376870567018053 8.001337062050158e-06 0.9786151280959199
0.021376756735028025 6.389576043593371e-07 0.9786226043073676
0.021387023925983052 2.8880633238532578e-06 0.9786100880106932
0.021384137448066696 3.4099155524970025e-05 0.9785817633964082
0.02139194100647603 2.1706745896555226e-05 0.9785863522476275
0.021378228225555577 4.619763484559394e-07 0.978621309798096
0.02138994859891219 4.857041028722841e-06 0.978605194360059
0.0213874261765872 2.2412796502089864e-05 0.9785901610269107
0.021386569695222783 1.7525160146857124e-07 0.9786132550531758
0.021400979555644187 2.7104287981697364e-07 0.978598749401476
0.02138751053216726 9.053458197594102e-06 0.9786034360096352
0.02139042714581039 2.1260322586545316e-06 0.9786074468219309
0.021388574384649812 8.747430734386656e-06 0.9786026781846158
0.021388626864575665 9.044898535962183e-06 0.9786023282368884
0.02139354460290969 4.519975408939946e-06 0.9786019354216814
0.021397535988953297 6.056260457613502e-08 0.9786024034484422
0.021390749988362594 7.629014991797936e-07 0.9786084871101381
0.0213995016365678 7.01863648056023e-08 0.9786004281770674
0.02139295172962591 6.815720494816435e-08 0.9786069801131692
0.021391943322274024 1.4973182040466387e-06 0.9786065593595219
0.021393619894157053 1.289784022964439e-06 0.97860509032182
0.02139265445611295 2.053417233460177e-06 0.9786052921266536
0.021391844804407076 3.712403325559993e-07 0.9786077839552604
0.021391540620459927 1.0324127315204702e-07 0.978608356138267
0.021392492491538316 9.079320390057368e-07 0.9786065995764226
0.02139369479387956 4.155506379926363e-07 0.9786058896554825
0.0213927445563244 1.128344616793895e-08 0.9786072441602294
0.02139295847724595 2.0941539661862647e-07 0.9786068321073574
0.021393520651457804 5.356399962645913e-09 0.9786064739921423
0.021393539420817582 4.860928373633753e-09 0.9786064557182541
0.02139324323754738 1.3875798086859807e-07 0.9786066180044718
0.021393061507084362 2.0214522082394806e-07 0.9786067363476948
0.021392943746401397 1.9041863658092122e-09 0.9786070543494123
0.02139302051798434 1.2732369502409229e-09 0.9786069782087787
0.021393544411683386 6.469244746182031e-08 0.9786063908958691
0.021393013322864342 3.49562134010969e-08 0.9786069517209222
0.021393165868196007 9.158901649651688e-08 0.9786067425427875
0.021393021229398783 3.7932373238108935e-09 0.9786069749773639
0.021393059991498244 7.69076181413291e-08 0.9786068631008836
0.02139301663121109 1.4428848931814192e-07 0.9786068390802997
0.021393036923129518 8.012064677261033e-07 0.9786061618704027
0.021393166771132295 1.0826434214109989e-07 0.9786067249645255
0.021393061366257734 2.493919779536906e-07 0.9786066892417643
0.02139303246112733 5.121235804122488e-07 0.9786064554152922
0.02139301937097852 1.0071402666866865e-06 0.9786059734887548
0.021392997976493022 1.787911081549656e-06 0.9786052141124254
0.021393031788677967 8.193410553707149e-08 0.9786068862772166
0.02139294665113488 4.148353162924148e-06 0.9786029049957021
0.02139296690201949 3.1669767071686907e-06 0.9786038661212734
0.021393013227203692 1.059437690928278e-06 0.9786059273351053
0.021392997074939583 1.8119892195807134e-06 0.9786051909358409
0.02139297001481736 3.1497533822158943e-06 0.9786038802318004
0.021393023500669066 9.986699339383092e-07 0.9786059778293971
0.02139304555554069 5.197227824525912e-08 0.9786069024721811
0.021393036079137603 3.499245784261906e-07 0.978606613996284
0.021392969147956464 3.845491245834591e-06 0.9786031853607977
0.02139303716950428 1.054901309191921e-06 0.9786059079291866
0.021393430933635434 2.6065424529770295e-07 0.9786063084121193
0.021393289560673084 2.5819439849573227e-06 0.978604128495342
0.02139336718240781 9.561334809452171e-07 0.9786056766841112
0.021394714736455083 2.7300963850460084e-08 0.9786052579625811
0.021393579754890563 3.772564125839517e-08 0.9786063825194682
0.021393801230948684 2.8469984720114762e-08 0.9786061702990667
0.02139552000248332 3.033212013998569e-08 0.9786044496653965
0.021393814245167862 1.3892132727916625e-08 0.9786061718626994
0.021394291161544843 2.6160505429889305e-09 0.9786057062224047
0.021395180665939977 3.565912203953603e-10 0.9786048189774688
0.021393965523078685 1.0806256023182666e-08 0.9786060236706654
0.02139376327311795 9.97484852051135e-10 0.9786062357293972
0.02139400272489522 1.6044949598244922e-09 0.9786059956706099
0.02139420706996035 1.6251153941467935e-09 0.9786057913049242
0.02139416155376637 2.707748622269042e-09 0.978605835738485
0.021394162756985465 7.514030668500298e-11 0.9786058371678742
0.02139416779115775 6.64429174625429e-11 0.9786058321423994
0.02139417375082274 4.105901632539297e-09 0.9786058221432756
0.02139417174229392 6.589252719124369e-11 0.9786058281918136
0.021394173056410913 3.510881745564832e-11 0.9786058269084802
0.02139417476907608 2.470194126308411e-09 0.9786058227607297
0.02139417347690943 2.256806399336614e-09 0.9786058242662842
0.02139417340945099 2.2447762132397696e-09 0.9786058243457728
0.021394175983199412 1.4985893525032805e-11 0.9786058240018146
0.021394174179907584 6.969455738468861e-11 0.9786058257503978
0.021394174144140098 2.809628818700594e-12 0.9786058258530502
0.021394174702999858 5.5758779985953895e-12 0.9786058252914244
0.021394174949908976 1.3072109909082098e-10 0.97860582491937
0.02139417580538048 1.0211161896214707e-11 0.9786058241844083
0.02139417458817516 1.4153580876507697e-10 0.978605825270289
0.021394174408177168 1.0560813063373048e-10 0.9786058254862148
0.02139417470915005 5.16314612792604e-12 0.9786058252856867
0.02139417470669981 2.762801844195897e-12 0.9786058252905373
0.021394174561998033 1.0917973545587543e-12 0.9786058254369101
0.021394174622371073 8.562193531227314e-11 0.9786058252920069
0.021394174630386106 3.875558392220412e-12 0.9786058253657384
0.02139417461152964 1.6197107227331095e-12 0.9786058253868506
0.021394174636589554 8.781912890985928e-11 0.9786058252755914
0.021394174628888984 1.2780776460413618e-11 0.9786058253583303
0.021394174619843692 2.3008393151665594e-12 0.9786058253778553
0.021394174620200282 2.3926564855596036e-11 0.9786058253558733
0.02139417462337782 1.5244316194393028e-10 0.9786058252241789
0.02139417463836968 9.607803750156622e-12 0.9786058253520226
0.021394174632289337 1.9594327805610713e-12 0.9786058253657511
0.021394174636437197 1.6945745229558845e-12 0.9786058253618681
0.02139417463193174 1.614129800919019e-12 0.978605825366454
0.021394174649396705 2.7386299206702203e-11 0.978605825323217
0.021394174864794478 2.713275126460805e-12 0.9786058251324922
0.021394174998688772 2.186089123430667e-12 0.9786058249991251
0.021394168621427893 5.4796159083352625e-11 0.978605831323776
0.021394184188818333 1.8444271537168607e-10 0.9786058156267389
0.021394250043475865 2.20013742949242e-10 0.9786057497365105
0.02139415735082848 3.89950509473596e-11 0.9786058426101765
0.02139411042247173 4.9518097159509187e-11 0.9786058895280101
0.021394048030807272 3.1376149203302603e-10 0.9786059516554313
0.021395030324058997 5.826237162830749e-12 0.9786049696701148
0.021394316509099207 1.2877169681965434e-10 0.9786056833621292
0.021393376858931813 8.223261065561108e-11 0.9786066230588355
0.021407226335265785 1.0297648415986793e-10 0.9785927735617578
0.02141282532536987 2.1041299890493277e-07 0.9785869642616313
0.021408978220750684 6.770112137034731e-09 0.9785910150091373
0.021399664906859926 1.723454060706062e-06 0.9785986116390794
0.021390330866179297 4.4535549257732783e-07 0.978609223778328
0.02141523918287482 2.051825710771125e-07 0.978584555634554
0.021395754757153322 1.062173055908342e-06 0.9786031830697908
0.021394954868153536 6.787738118627614e-07 0.9786043663580345
0.021389527262265142 1.2566412167292075e-06 0.9786092160965182
0.02140537277902868 2.5238799146599313e-07 0.9785943748329798
0.02137851972403723 7.201015790032739e-05 0.9785494701180625
0.021378789932230344 1.2733235937650856e-05 0.9786084768318319
0.02137659847703979 6.953611665714933e-05 0.9785538654063032
0.02137781732246596 9.064866556317623e-06 0.9786131178109777
0.021376795652727435 5.641209056269572e-05 0.9785667922567098
0.021376346786973904 6.044259494398615e-05 0.978563210618082
0.021379122356012338 2.4776702149819257e-06 0.9786183999737728
0.021379872944755424 2.3718545292716373e-06 0.9786177552007153
0.021359345909705903 6.0462169412314606e-05 0.9785801919208817
0.021749598984642047 1.239520526633649e-06 0.9782491614948313
0.021268281190083782 6.0376460088451786e-05 0.9786713423498278
0.021312641806164354 2.741766055532408e-05 0.9786599405332803
0.0214794583083897 1.8978155872617463e-05 0.9785015635357377
0.021900939832032233 1.7693179274713484e-05 0.9780813669886932
0.03094400650306186 2.6940930800136432e-06 0.9690532994038581
0.01750878888344085 2.3836961173565832e-05 0.9824673741553855
0.013166844040392792 9.137116197135002e-05 0.9867417847976357
0.02609963780808222 1.4212435819512552e-05 0.9738861497560982
0.034921962781658156 2.6986572233335622e-05 0.9650510506461085
0.012654659277406619 0.0016600776129162957 0.9856852631096771
0.021385787239312903 0.0035657944697766973 0.9750484182909103
0.015282700560880092 0.0012916386304946644 0.9834256608086253
0.02116804992364336 0.00014864280161591497 0.9786833072747407
0.027656837233839278 0.0007951451637823371 0.9715480176023783
0.007992860892424963 0.570780139375757 0.42122699973181804
0.004957664715178847 0.8471222112456006 0.1479201240392207
0.00602396492016621 0.7818174894622816 0.21215854561755232
0.0009214634314227873 0.9422286243592607 0.056849912209316435
0.002723559775970395 0.8238153615361253 0.17346107868790422
0.007063283815277776 0.5238685178575296 0.46906819832719254
0.0007101659282594105 0.9370628238123023 0.06222701025943823
0.000675341138309984 0.9369318031122137 0.062392855749476284
0.0011110910564741158 0.8959623199883773 0.10292658895514863
0.001107610012117364 0.8960176325893564 0.10287475739852629
0.00046147102395056373 0.9566632455055885 0.042875283470460976
0.002682146703259595 0.7482340262171525 0.24908382707958793
0.006849619715622158 0.35806324468006867 0.6350871356043093
0.0015256898367175778 0.8568571768323111 0.1416171333309713
0.0006541718168644309 0.9386916039187606 0.060654224264374904
0.00047421858494858945 0.9564753092943782 0.043050472120673144
0.001216158134338168 0.8949457917916175 0.1038380500740443
0.0018245344804393197 0.8520629401095221 0.14611252541003866
0.005803930257608355 0.754786079719164 0.23940999002322755
0.0022720561498401353 0.9394318316327291 0.058296112217430675
0.00943882063142928 0.9294647456840756 0.06109643368449519
0.02434992716865855 0.9115537840737036 0.06409628875763793
0.29126284703136995 0.4754797218075562 0.23325743116107392
0.7429293802610033 0.09651028074179595 0.16056033899720087
0.7395813614861549 0.006635583065493041 0.25378305544835206
0.822968520567278 2.805593487176721e-05 0.1770034234978504
0.8168619606686987 0.0018690873957482959 0.1812689519355531
0.7726545001519797 0.06168881208469827 0.165656687763322
0.7950968046063197 0.02412925224809863 0.1807739431455816
0.6409602239552592 0.15217358191552804 0.20686619412921284
0.6117987671328573 0.23911997975693652 0.1490812531102063
0.35966499899863064 0.4780302502698442 0.16230475073152517
0.6376906022574846 0.17116411223000244 0.1911452855125129
0.8379212888491889 0.03452157525143212 0.12755713589937898
0.28737952235801034 0.5908032681142186 0.12181720952777107
0.04021952717432072 0.8927889017251098 0.06699157110056936
0.0012294194366869002 0.9908233949742274 0.00794718558908559
0.0006335216558365481 0.9965018386950512 0.0028646396491122605
0.00047938874740200034 0.9971700730245763 0.0023505382280217956
0.0003753891423512077 0.9988767969000781 0.0007478139575705908
0.0006074574839294711 0.9986912195445504 0.0007013229715200883
0.00016742761399271842 0.9992930935578846 0.0005394788281227898
4.345736640320085e-05 0.9996587812054786 0.0002977614281182806
6.765743044625135e-05 0.9993686815913954 0.0005636609781584913
3.173843612247926e-05 0.9996367476095142 0.0003315139543635344
0.00016117036349368977 0.9970111026530112 0.0028277269834949834
3.2327519181634666e-05 0.9991704817381263 0.0007971907426921872
6.864925300356658e-05 0.9918270354549611 0.008104315292035211
0.00011253381669476097 0.9749128452110247 0.024974620972280596
5.413948342987958e-05 0.9791347566793744 0.020811103837195692
0.00024037775526349284 0.945438146361963 0.05432147588277353
0.0022212865438846763 0.3468505356664525 0.6509281777896628
0.00023174248137227812 0.9155750053798427 0.0841932521387849
0.0010405966061034647 0.5946971821657566 0.4042622212281399
0.0009824312595119974 0.7814423289942012 0.21757523974628687
0.002621057300758903 0.418219462091033 0.5791594806082081
0.0014450733508144273 0.7530436545369378 0.24551127211224785
0.10540620649086982 0.10832125007572282 0.7862725434334072
0.10040894559261104 0.03598725654220103 0.8636037978651879
0.32615997874072616 0.001976405673695385 0.6718636155855785
0.12662834470801318 0.002579740921054681 0.8707919143709322
0.1898912799003986 0.01508919535398499 0.7950195247456164
0.11590940058195602 0.005775478402674287 0.8783151210153698
0.21684035273113184 0.0022797383048499546 0.7808799089640183
0.2509521185573241 2.8000361377844996e-07 0.7490476014390621
0.18897580374777395 4.915065207509737e-07 0.8110237047457053
0.25348103674893013 1.0649497363941016e-08 0.7465189526015725
0.17168628198716027 1.0360802231797095e-06 0.8283126819326166
0.1705283384809891 0.00014530963760733698 0.8293263518814035
0.13148041658234097 9.045506124418044e-05 0.8684291283564148
0.21348792086622298 0.00040868576098011117 0.786103393372797
0.16148151439705258 0.0015211011667412868 0.8369973844362062
0.1423119114659771 0.0005629462677381843 0.8571251422662848
0.0929647807321197 0.0007298921162176852 0.9063053271516626
0.1279681943597458 0.0016701255122164099 0.8703616801280378
0.16365590556217036 0.009543458020058451 0.8268006364177711
0.11690820466553338 0.001085409694666916 0.8820063856397997
0.06269143813170269 0.4971276241434526 0.4401809377248448
0.014689450181535653 0.7597017692597744 0.2256087805586899
0.016452994405098075 0.7695504449784424 0.21399656061645958
0.004539221574353847 0.6228112136559993 0.37264956476964683
0.0004548433611144818 0.9446158419837755 0.05492931465511006
0.00033242277128321684 0.9575144633426664 0.04215311388605035
0.0010693380038408991 0.9318848959259415 0.0670457660702175
0.000958703648881524 0.9179352058232937 0.0811060905278247
3.938193041114955e-05 0.9981423044159061 0.0018183136536827097
0.00019091514220434563 0.9829680410772478 0.016841043780547838
1.4802351757601877e-05 0.9991558073709268 0.0008293902773156291
4.012239773002712e-05 0.9992444095815949 0.000715468020675083
2.641198702625185e-06 0.9999243062979061 7.305250339133814e-05
7.289596724219665e-07 0.9999953278112627 3.943229064947136e-06
5.799711016673705e-07 0.9999984377822427 9.82246655664216e-07
5.305896083380615e-06 0.9999926380063834 2.0560975331514613e-06
1.4393752000074392e-06 0.999997578768248 9.818565519884096e-07
3.1766338725731023e-06 0.9999953248203012 1.4985458263044454e-06
5.9090124479624e-06 0.9999882658537982 5.825133753737168e-06
2.7631504756108357e-05 0.9999585663286394 1.3802166604531502e-05
0.00013217097850667256 0.999765482345384 0.00010234667610946
0.0005222127446112752 0.9990551643300675 0.0004226229253211908
0.001495303216903773 0.9977078434532867 0.0007968533298094375
0.19361146757689057 0.7538998251628983 0.05248870726021104
0.2124734947048724 0.7204562466218882 0.06707025867323925
0.27662325931899684 0.631542834987162 0.0918339056938412
0.6250879670999869 0.16615909752941585 0.2087529353705972
0.7779320139673345 0.06077362030040722 0.16129436573225828
0.5265350113667555 0.30338802006270177 0.17007696857054275
0.7798959377776784 0.07024062803691435 0.14986343418540723
0.7991578346037566 0.05023416388479457 0.15060800151144893
0.7822043060624555 0.0007446701607006646 0.21705102377684393
0.780931468990114 0.07942861726966795 0.13963991374021809
0.7122611197727566 0.09617568156218079 0.1915631986650625
0.8992100241236185 0.005520006371107004 0.09526996950527446
0.07351499470384372 0.8940799103409333 0.03240509495522299
0.029997480256170238 0.9450563473108523 0.024946172432977483
0.12169016892809392 0.8434357736538207 0.034874057418085365
0.03140245090301169 0.9599986086174283 0.008598940479560014
0.0010206821631343526 0.9981015694044929 0.000877748432372783
0.00017950495535651678 0.9996125041505894 0.00020799089405393938
5.667526851801979e-05 0.9998252967645228 0.00011802796695926265
3.914636807858649e-05 0.9998888146764447 7.203895547666483e-05
2.877193495156549e-05 0.9999179557794943 5.327228555413271e-05
3.716976976443327e-05 0.9998796238371273 8.320639310835062e-05
4.0683663742329514e-05 0.9998675853759206 9.173096033711771e-05
0.00029780731320432096 0.9991006987302696 0.0006014939565260895
7.490753452767034e-05 0.9997560324636978 0.00016906000177469499
0.0006592667798276893 0.9976847515795275 0.0016559816406449184
0.0005322905475142564 0.9973541850381179 0.002113524414367762
0.0012652415477857246 0.9881216343090619 0.010613124143152387
0.002042695172163011 0.990305731274249 0.007651573553588026
0.0014936190060782417 0.9934007149745031 0.005105666019418619
0.0021848293580462967 0.9690480478609766 0.028767122780977167
0.032482176001495666 0.2832965059934289 0.6842213180050755
0.014159406838458996 0.8326789241703886 0.15316166899115244
0.010194695975303624 0.8771356765906031 0.11266962743409334
0.045530163735076894 0.7778228190120261 0.176647017252897
0.1075610903793414 0.09721271135072329 0.7952261982699352
0.08760538106056232 0.1298571444099896 0.782537474529448
0.16588724939403307 0.003328563600958649 0.8307841870050082
0.24439749100538075 0.0005021876587849513 0.7551003213358344
0.18485189804860033 0.37824278947825873 0.4369053124731409
0.03736889462904812 0.9291438798632833 0.03348722550766861
0.045406231915667644 0.7645458642967554 0.19004790378757702
0.019236412112135125 0.8766586693949667 0.10410491849289814
0.008085168453573403 0.9436559247766507 0.04825890676977582
0.03222970464977488 0.845957974991752 0.12181232035847324
0.003104684240980029 0.99472397291149 0.002171342847530048
0.00027059841145803994 0.9992995196463833 0.0004298819421586814
0.0004723431822380376 0.9984934798549275 0.0010341769628342678
0.0006019194278814087 0.9979117803850739 0.0014863001870447853
0.00023032340889735388 0.9991946720075923 0.0005750045835103741
0.0002242116822660569 0.9992149558078927 0.0005608325098413484
0.00022871011897982133 0.9991997754664483 0.0005715144145718219
0.00022536851309308155 0.9992125091594106 0.0005621223274963622
0.00042964472939639855 0.9985614142483431 0.0010089410222605616
0.0014641111713409088 0.9956210746084481 0.00291481422021115
0.0003485218522596631 0.9990720837162097 0.0005793944315307745
0.001844370843929553 0.9971313194131053 0.0010243097429649918
