inside membrane outside
0.6706882871255531 0.0 0.329311712874447
0.640869000606517 9.049656953409442e-17 0.3591309993934829
0.6509508851877379 4.739146940013271e-16 0.34904911481226164
0.640869000606517 1.209770447221372e-16 0.3591309993934828
0.640869000606517 1.3937028338902194e-16 0.35913099939348286
0.640869000606517 1.5519006238274335e-16 0.35913099939348275
0.7621780057675732 1.383004595424109e-17 0.23782199423242686
0.6744876146266559 5.626482375966499e-16 0.3255123853733437
0.7621780057675732 1.6983532945330297e-17 0.23782199423242686
0.7801784663999888 1.8599926923625366e-14 0.21982153359999257
0.6681334695771095 2.0150266134367083e-14 0.3318665304228704
0.6681334695774599 8.623508943345227e-14 0.3318665304224539
0.6681334695750746 5.082841380094201e-13 0.3318665304244172
0.6681334695782178 1.3708814221957306e-12 0.33186653042041125
0.6681334695522496 4.561463489726895e-11 0.33186653040213576
0.6681334695812833 1.5124763549151655e-12 0.33186653041720426
0.6681334695846974 3.841861969955104e-12 0.3318665304114607
0.6681334695813039 1.4531886241935001e-12 0.33186653041724284
0.6681334695625244 3.028683852847123e-11 0.33186653040718883
0.6681334695816656 2.099319422877213e-12 0.3318665304162351
0.6681334695833274 1.478149553316075e-12 0.33186653041519437
0.668133469570461 1.455243950415372e-11 0.3318665304149864
0.6681334695509046 3.887052640492494e-11 0.331866530410225
0.6681334695106201 3.922461852153398e-11 0.3318665304501552
0.6681334666754523 2.5332261302705557e-11 0.33186653329921556
0.6681334893751486 2.2693220042538674e-12 0.331866510622582
0.6681334733188012 1.9102175622304524e-11 0.3318665266620966
0.6681337631151351 4.471313660441595e-11 0.33186623684015176
0.6681367097673492 1.9117341624797187e-12 0.33186329023073907
0.6681384738564659 7.163580146729384e-13 0.3318615261428177
0.668135493321592 1.023448699450021e-11 0.3318645066681736
0.6682203694169927 1.139218787586845e-12 0.33177963058186816
0.6689257646471745 1.5957830565392848e-11 0.3310742353368678
0.6689079845024537 2.8642138966899284e-10 0.3310920152111249
0.6678583844589078 3.309918574059885e-08 0.3321415824419065
0.6678007464107023 7.718253022893866e-08 0.33219917640676744
0.6755843841722872 8.36992047185967e-09 0.3244156074577924
0.6657244985973398 2.234389358380896e-08 0.3342754790587666
0.6658102811169788 5.805737101149789e-06 0.3341839131459201
0.664588339377906 1.0676781655421634e-06 0.33541059294392844
0.6639399434379408 3.0092147881758883e-06 0.33605704734727104
0.6817945974179312 2.8096123565316985e-05 0.31817730645850334
0.6617877623252433 0.00019542383823947058 0.3380168138365173
0.6337178611197516 0.047535360912868585 0.3187467779673797
0.6588801601989811 0.0007786793967785772 0.3403411604042403
