inside membrane outside
0.6868524895828082 0.0 0.31314751041719185
0.5530014428655476 5.540699661071446e-07 0.44699800306448634
0.5530009558988034 1.270232451102734e-06 0.44699777386874556
0.5684369823512865 0.0008218867410291388 0.4307411309076844
0.6598381306532857 0.007347313762335185 0.33281455558437917
0.7379349261070399 0.0007390211164826756 0.2613260527764774
0.7919000049848215 0.0002231227959983439 0.20787687221918008
0.6692634096073612 0.006488093042150823 0.32424849735048805
0.7783722549785371 7.063049441004758e-05 0.22155711452705285
0.5718733888764223 0.004302897233794795 0.42382371388978307
0.6900055342669056 0.0037925946550052473 0.3062018710780892
0.6725483037262756 0.02813161255588883 0.2993200837178357
0.6782056173774719 0.020597966199966476 0.3011964164225615
0.6719260648443358 0.029138846975848277 0.29893508817981584
0.6896177000446612 0.004528620632890866 0.305853679322448
0.6832015654333202 0.013189306649329095 0.30360912791735056
0.6896281421925111 0.00451405954009405 0.30585779826739495
0.6896275815211964 0.004516762086492201 0.3058556563923113
0.6911389018936825 0.0023078673776651777 0.3065532307286523
0.6763042320634508 0.02525660278387252 0.2984391651526768
0.6868060764884297 0.010112617290306238 0.30308130622126406
0.6696285502657534 0.03490665673391553 0.2954647930003311
0.6688600726452205 0.03602832311797462 0.295111604236805
0.6937364644303592 0.0019153164753464846 0.3043482190942943
0.6908620180510179 0.005262803987839546 0.30387517796114255
0.6786366350580711 0.022585664236576684 0.2987777007053522
0.6928295495869332 0.002550518630008542 0.30461993178305824
0.6940251478737939 0.0028140132719230563 0.3031608388542831
0.698900460352371 0.00021345149462661392 0.3008860881530024
0.6898933004329497 0.008760465895819762 0.30134623367123065
0.6943430524968277 0.0007032509670857024 0.3049536965360867
0.6950335097097589 0.0015941799576622486 0.3033723103325788
0.6986716416065811 0.00024672566982024657 0.30108163272359856
0.6917187505554833 0.00475466126164669 0.3035265881828701
0.6947096016386998 0.0009256468302673335 0.3043647515310328
0.6952494942910888 0.0011964311533682814 0.30355407455554284
0.6917623801892198 0.0046742386479023245 0.30356338116287784
0.6958232858336627 0.00044057801932145856 0.3037361361470158
0.6958245428909792 0.000496982303429316 0.30367847480559157
0.6956117380232473 0.0005474777689850242 0.3038407842077676
0.6939189441239352 0.003646342686792936 0.30243471318927195
0.6928113853735467 0.005580846906119951 0.3016077677203335
0.6953180782574685 0.002402229132648446 0.3022796926098832
0.6977417114331221 0.00018843037727327182 0.3020698581896045
0.6977907769595578 0.00018475734171429577 0.30202446569872793
0.6964651245619544 0.0011854622667707476 0.3023494131712749
0.695160024144982 0.0033561656044128574 0.30148381025060506
0.6966800796105704 0.0006658940866371572 0.30265402630279237
0.6969744726721641 0.0006267349403438492 0.3023987923874921
0.6918077460563016 0.00797737140251984 0.3002148825411787
0.6964458248087025 0.0012232405256481834 0.3023309346656492
0.6969615591619819 0.0006189410299672084 0.302419499808051
0.6948819225085472 0.0035470678138148997 0.30157100967763795
0.695318966071147 0.0029182839499694163 0.3017627499788836
0.696829546107982 0.0007546376627491684 0.30241581622926894
0.6929503818109198 0.006314966727689454 0.30073465146139083
0.6913177890076625 0.008657699573118151 0.30002451141921943
0.6927366500355026 0.006624598538233033 0.3006387514262645
0.6957725309124418 0.0023080158590787665 0.3019194532284794
0.6977128053501168 0.00010828077642238826 0.3021789138734607
0.6967081730618967 0.001314525593874066 0.3019773013442291
0.697215948584789 0.0005859606506985027 0.30219809076451243
0.6937722184686926 0.005484226363937626 0.30074355516736967
0.6940667074601573 0.005096362726184503 0.30083692981365817
0.6955055208348948 0.0032389152602201408 0.30125556390488506
0.6967972146644915 0.0010064115526711374 0.3021963737828373
0.698183747963725 0.00011298910865037717 0.30170326292762467
0.697275186975832 0.0002389075968424261 0.3024859054273256
0.6981813768924422 6.393355944028462e-05 0.3017546895481175
0.6970585929081601 0.0006505730281648405 0.3022908340636751
0.6967865987973694 0.0007849489807004027 0.3024284522219301
0.6973652850812521 9.326669851769747e-06 0.3026253882488962
0.6973160206958825 1.2102538718892314e-07 0.3026838582787302
0.6973692439694178 2.402807251760315e-07 0.30263051574985694
0.6973815303447966 1.9687445376407282e-07 0.30261827278074976
0.6974309887190374 7.666873795012876e-07 0.302568244593583
0.6974406258279686 5.699233547967742e-07 0.3025588042486766
0.6975394100569897 2.2556548117289754e-08 0.30246056738646226
0.6974351363112914 2.7897403235674716e-08 0.3025648357913054
0.6974439172828174 3.1443470246354943e-08 0.3025560512737122
0.6974288654290854 1.8332316964855336e-08 0.30257111623859756
0.6974335113187523 2.7660256779403807e-10 0.30256648840464506
0.6974350728399453 1.2227244393203382e-09 0.30256492593733036
0.6974349932045777 4.588675748199084e-10 0.30256500633655475
0.6974350105470081 5.771905815728402e-10 0.30256498887580136
0.6974350505179112 3.467721222070179e-11 0.3025649494474115
0.697435040201562 1.357042907188172e-10 0.30256495966273367
0.6974350189923737 5.908421844746484e-11 0.30256498094854195
0.6974350166196129 2.5348740570977767e-09 0.302564980845513
0.6974350226116534 3.501441120488595e-09 0.30256497388690556
0.6974350308658501 4.928296162809459e-11 0.30256496908486685
0.6974350229648356 4.622381340065253e-10 0.30256497657292625
0.6974350217920662 2.220070914755465e-09 0.3025649759878629
0.697435023537963 1.0779195950466288e-10 0.302564976354245
0.6974350235573623 3.99502932423062e-11 0.3025649764026875
0.6974350232159552 3.84674932059728e-10 0.30256497639936986
0.6974350233897244 1.725238349886966e-10 0.3025649764377518
0.6974350232174968 3.8739983984151084e-10 0.3025649763951034
0.6974350220686001 2.010439683773836e-09 0.30256497592096027
0.6974350235449507 4.9190252138019496e-11 0.3025649764058591
0.6974350233273271 2.8369981361311436e-10 0.3025649763889732
0.6974350233429433 2.545176182357533e-10 0.3025649764025392
0.697435022182301 1.9074235743153715e-09 0.3025649759102756
0.6974350235126718 3.889998071658782e-11 0.3025649764484282
0.6974350222315154 1.9385866209022963e-09 0.30256497582989794
0.6974350235813999 1.3910303386895386e-10 0.3025649762794969
0.6974350238624906 7.474369175848224e-12 0.302564976130035
0.6974350235165981 2.499718825717817e-10 0.3025649762334301
0.6974350239824287 7.988578377835133e-12 0.3025649760095827
0.6974350238905674 2.095604392853666e-12 0.3025649761073369
0.6974350239788204 5.130337456355512e-12 0.30256497601604926
0.6974350236293637 1.2295804321877439e-12 0.30256497636940666
0.6974350236158093 5.0330062403990164e-11 0.30256497633386054
0.6974350239227788 1.8959234094708607e-13 0.3025649760770317
0.6974350237085752 2.6149391148214387e-14 0.30256497629139856
0.6974350242085876 1.6573346384934352e-15 0.30256497579141084
0.697435036043642 2.12510139553219e-16 0.30256496395635774
0.6974350343941473 6.930389956094549e-17 0.30256496560585266
0.6974350337678298 3.9039111118041977e-16 0.3025649662321698
0.6974350357809176 5.545192829294948e-15 0.3025649642190769
0.697435036838137 3.85798224635914e-14 0.3025649631618244
0.6974350591895907 6.099061427270202e-14 0.3025649408103484
0.6974351017544044 3.0684289973416785e-13 0.3025648982452887
0.6974349091316251 9.890297020106143e-12 0.30256509085848465
0.697439479808816 3.096888939466635e-10 0.3025605198814951
0.69743993743701 3.598472366021342e-10 0.30256006220314263
0.6974323489980756 4.8897338194961606e-08 0.3025676021045861
0.6974346276744587 6.460967267857095e-07 0.30256472622881436
0.6976425067206294 4.046178798442279e-08 0.3023574528175825
0.6973642362480357 1.4074222705939108e-08 0.3026357496777417
0.6974910859247715 8.145069504309134e-08 0.30250883262453365
0.6974166156014648 9.312217750792877e-07 0.30258245317676014
0.6979250073977544 3.44911814840839e-08 0.3020749581110641
0.6976270700363807 1.2127373008019721e-06 0.3023717172263185
0.697308160738005 3.355457369120028e-05 0.30265828468830375
0.6924958359123683 4.9897466822102255e-05 0.30745426662080966
0.7335748887382006 4.566557886124399e-06 0.26642054470391324
0.6887073383436465 0.00021664542947169327 0.3110760162268817
0.5922927262857325 0.0015197425259001506 0.4061875311883675
0.7856455223467943 3.5446909029543404e-05 0.2143190307441761
0.57054114571297 0.004087311518656788 0.4253715427683732
0.6208061624355992 0.0018391209648658316 0.37735471659953496
0.7971288635271051 0.0002468919798789711 0.20262424449301597
0.5785025593950238 0.0016094982649886432 0.41988794233998766
0.7025764507507629 0.0006195272749068442 0.2968040219743301
0.4540970852332343 0.16144252169269083 0.3844603930740749
0.7527601523647391 0.006909764461742683 0.24033008317351834
0.06744457893458232 0.7867931686118049 0.14576225245361277
0.019482990712866265 0.9235839087874711 0.05693310049966262
0.01060011254366791 0.9616361391335646 0.0277637483227676
0.014813456958748023 0.9701431411469843 0.015043401894267628
0.006049738858469127 0.9870801898437488 0.00687007129778202
0.0011115021297331156 0.9950025985333182 0.0038858993369487215
0.0019033578785184056 0.9921121995234996 0.005984442597981982
0.0002965863642363355 0.9988786105222675 0.0008248031134962935
5.338290192978837e-05 0.9997563725065935 0.0001902445914766666
3.887462439740069e-05 0.9997312125619848 0.00022991281361777448
2.7236588123116778e-05 0.9998180339349874 0.00015472947688945608
5.875350474465245e-05 0.9996249981233707 0.0003162483718845727
3.40951049677408e-05 0.9997788867826071 0.00018701811242525127
3.777948158994425e-05 0.9996940401656236 0.000268180352786498
0.00014409297591708962 0.9984651436465914 0.001390763377491469
0.00097974980974455 0.985425421354108 0.013594828836147405
0.0013294033704406016 0.985120239714127 0.013550356915432465
0.0017953615735088653 0.9769500835965388 0.021254554829952255
0.001450553578664452 0.9636275972994979 0.03492184912183773
0.0012673806103623937 0.9484276311519699 0.050304988237667714
0.03214116800650578 0.08831913405134938 0.8795396979421448
0.003198896019509696 0.7822518709726397 0.21454923300785067
0.004622539270068633 0.7916288225259056 0.20374863820402578
0.06109907575247925 0.34692401604354256 0.5919769082039782
0.1726961878907764 0.10475997543674434 0.7225438366724792
0.24516835176683835 0.14555780110877678 0.6092738471243848
0.265548281172989 0.23839154901213042 0.49606016981488066
0.22849166668371135 0.001249897735952033 0.7702584355803367
0.29881597353683265 0.022147201984581158 0.6790368244785862
0.23259732474550893 0.03471012612218119 0.73269254913231
0.3206192262616205 0.001288632703808609 0.6780921410345709
0.3205781842040811 0.0001007212332925098 0.6793210945626265
0.320649759694893 2.5834627112711454e-05 0.6793244056779943
0.4127004936479412 4.155646606626983e-05 0.5872579498859926
0.3742929576506811 4.415203387137685e-07 0.6257066008289802
0.2851319168825449 4.4263408842674017e-07 0.7148676404833666
0.29097527821818786 5.505131088930229e-05 0.708969670470923
0.2858821652395683 1.4896626856958534e-05 0.7141029381335748
0.2759263116228474 0.0027345239621885146 0.721339164414964
0.3172501533262219 0.010959975890006038 0.6717898707837721
0.22171947191491242 0.04004469279132993 0.7382358352937576
0.21432302324759564 0.07418575936941037 0.711491217382994
0.3060702079835745 0.16620651938265207 0.5277232726337734
0.20237780441714756 0.15799877132064646 0.639623424262206
0.20305658812406782 0.07781552767252989 0.7191278842034023
0.2519837498257415 0.12443791121450183 0.6235783389597566
0.41019507039021114 0.00424219076457091 0.585562738845218
0.20678808623147985 0.20954733948643936 0.5836645742820809
0.1760970275240002 0.11692244710607866 0.7069805253699212
0.1776364973663822 0.22893165017069145 0.5934318524629264
0.006261964209509535 0.9696748910432489 0.024063144747241562
0.0017864049370047855 0.9799395176244274 0.018274077438567807
0.0027773340187365308 0.9594422466587588 0.037780419322504775
0.00025992403969068387 0.9958945447938565 0.003845531166452851
0.00048494160363814 0.9988153566861941 0.0006997017101676435
0.00016520896026059825 0.9997283853228428 0.00010640571689662058
0.0013341668559162456 0.9977123924309043 0.0009534407131795323
0.00013492007256934597 0.9997802276277792 8.485229965152428e-05
0.0003633019829469798 0.9993696432790066 0.00026705473804650165
0.0006139028908547052 0.9990366569220743 0.0003494401870711074
0.0003479968940936398 0.9993195956649638 0.00033240744094272814
0.004687962254852866 0.9928117149924308 0.0025003227527162736
0.004828763708028047 0.9942027923326193 0.0009684439593525086
0.0026630104697131806 0.99655884127619 0.000778148254096861
0.015434290757654118 0.9829274590398595 0.001638250202486564
0.009638995953720107 0.9877063337838349 0.0026546702624449243
0.025304996816214054 0.9604891282413148 0.014205874942471074
0.029764754188487934 0.9539523633589596 0.01628288245255245
0.3306180379070062 0.5931787879530213 0.07620317413997268
0.018733474671443078 0.9728850147829562 0.008381510545600592
0.028160474345072684 0.9340778334603277 0.03776169219459966
0.038443280978994056 0.9054627012063647 0.05609401781464127
0.0524024377093084 0.8460340336460317 0.10156352864465983
0.7892231809233373 0.0009488316869739907 0.2098279873896887
0.6380423956601329 0.043556930377311405 0.3184006739625558
0.5794559459610344 0.033851568081745186 0.3866924859572203
0.6112899653326508 0.007098630319408997 0.3816114043479402
0.669273388234277 4.672324214462749e-05 0.3306798885235784
0.8418236379774956 4.469239268088148e-05 0.15813166962982356
0.6079039818989088 0.0010681463078051619 0.3910278717932861
0.6693612069261327 0.0008678176326799544 0.32977097544118733
0.696999541431352 0.0002816889836283648 0.3027187695850196
0.8277723702327145 6.807497671568912e-06 0.17222082226961402
0.6968525719398467 0.00011610836885169811 0.3030313196913014
0.7039362914478001 6.262180339015891e-06 0.29605744637186077
0.6972579947206005 6.702372179430678e-05 0.3026749815576053
0.7007304048081348 3.2063988315369486e-06 0.2992663887930338
0.6980991430794709 2.6930355258406302e-05 0.30187392656527084
0.6981994673466545 1.929183082664484e-05 0.30178124082251884
0.6982099455596187 5.702311708152085e-08 0.30178999741726426
0.6981272304854251 3.726511621770053e-07 0.3018723968634127
0.6981138581077034 2.5012086125312482e-06 0.30188364068368406
0.6981271124513756 2.2150929702015577e-06 0.30187067245565413
0.6981455998770091 1.419916605589548e-07 0.3018542581313304
0.6981328427482557 2.8221530770255106e-07 0.3018668750364366
0.6981318693417398 3.549259593814898e-08 0.30186809516566415
0.6981342072290714 5.904969021617001e-07 0.3018652022740263
0.6981367399704009 3.337926639985393e-09 0.3018632566916724
0.6981290831262706 2.3348795051266482e-07 0.3018706833857789
0.698136474575459 1.1667177514198099e-07 0.30186340875276585
0.6981279998152493 1.3012737436371253e-09 0.301871998883477
0.6981314357643144 9.996092644890679e-09 0.301868554239593
0.6981287742566074 3.0501810215581426e-09 0.30187122269321165
0.6981504662455242 2.4498867083125187e-08 0.30184950925560866
0.6981312095059026 3.3951898016333836e-07 0.30186845097511716
0.6981504163233024 1.3196489385519801e-07 0.30184945171180366
0.6981077716057223 3.2011911862203064e-05 0.30186021648241546
0.6981172906895637 1.4386893173631199e-05 0.3018683224172627
0.6981086874726947 1.0356277230056401e-06 0.3018902768995823
0.6979558621843415 0.00019274046303758365 0.301851397352621
0.6979669645166668 0.0002273941123711859 0.3018056413709621
0.6980622224542141 4.063178144453171e-05 0.3018971457643414
0.6983246608949011 1.5655423039313746e-05 0.3016596836820595
0.6979124657312336 0.0002079094877870416 0.30187962478097935
0.6979215538797848 3.963308504666641e-05 0.3020388130351685
0.697899486414111 3.968260605795576e-05 0.3020608309798309
0.6978630093467266 3.4200977890547594e-06 0.3021335705554845
0.6979361949959649 0.00012438600013796127 0.3019394190038971
0.6980146822628629 0.0008582714695940475 0.3011270462675431
0.6967302345663189 0.0013050410048698468 0.3019647244288114
0.696571140736844 0.0013811760259543641 0.30204768323720177
0.6947630494018607 0.0003081808195928635 0.3049287697785466
0.7180125141030727 0.00013955275984544729 0.2818479331370818
0.6937059990371445 0.0005221850509612571 0.3057718159118943
0.6915940507667756 0.008088344069466364 0.300317605163758
0.7078751291896032 0.0015857088073178323 0.290539162003079
0.7071930754813089 0.0015948265629935107 0.2912120979556975
0.7090768377191963 0.0018898663093739625 0.2890332959714297
0.6433879264104825 0.016820660623777725 0.33979141296573984
0.608171348002635 0.0020171427809088276 0.38981150921645624
0.6527080652492847 0.00029872599930857866 0.3469932087514067
0.5994830538886947 0.044967920786854375 0.3555490253244509
0.5407941321747275 0.1469875256011046 0.31221834222416794
0.774465726396481 0.0038320968678500745 0.2217021767356689
0.6418188457159129 0.05231926603231157 0.30586188825177546
0.24851322291719746 0.5461311557753958 0.20535562130740662
0.17299652542558314 0.6488418258075807 0.17816164876683607
0.10691729649846103 0.766184017714592 0.12689868578694694
0.20242892545241645 0.5038221394630931 0.2937489350844905
0.0965540836328306 0.794423306695566 0.10902260967160335
0.08656737801513852 0.8149288181657037 0.09850380381915784
0.23117465548197863 0.41052364184113593 0.3583017026768854
0.21831095270975423 0.41997824498557834 0.36171080230466746
0.1510232300509375 0.622756452454866 0.2262203174941964
0.17375540172693454 0.603507578685369 0.22273701958769646
0.1641715733113529 0.6155011132857782 0.22032731340286896
0.046120620683629585 0.8212030226324762 0.1326763566838943
0.13009701808768062 0.5339868371407763 0.33591614477154325
0.026338983776942066 0.9299632573670109 0.043697758856046987
0.1514002583812813 0.4431690346908172 0.4054307069279015
0.061923050859483575 0.5880804984721075 0.34999645066840884
0.03310456371872926 0.879029310596252 0.08786612568501873
0.0024693385500197946 0.9846673502188378 0.012863311231142401
0.0008293249017015372 0.9960573285799703 0.0031133465183281204
0.002360280606963161 0.987337360542415 0.010302358850621769
0.0007540038261069835 0.9952487071561948 0.003997289017698216
0.001992042396333859 0.9766112221513273 0.021396735452338885
0.0014637720661148485 0.9642379693572242 0.03429825857666093
0.0039498230514947875 0.8777493321358919 0.11830084481261333
0.006255523061726997 0.9111834467855645 0.08256103015270846
0.031185489721793656 0.41521709645476573 0.5535974138234406
0.030745427586620543 0.27666276653966426 0.6925918058737153
0.032992779584526295 0.2602106791508953 0.7067965412645782
0.015986747954917613 0.8285488377358307 0.15546441430925173
0.04648692829848537 0.47401372119232565 0.4794993505091889
0.016091147047239712 0.6959507367479354 0.28795811620482487
0.03126482216308297 0.4435738353304228 0.5251613425064943
0.047363092774952396 0.2997615447514512 0.6528753624735965
0.02614336780853571 0.6610348923002628 0.3128217398912016
0.03070490988271103 0.6266484628556783 0.34264662726161055
0.06600008171970125 0.5545076497267944 0.37949226855350426
0.1773534504583947 0.16445531949279898 0.6581912300488063
0.26481584973633093 0.0023788516429661547 0.732805298620703
0.478704502994764 0.0003672275238326249 0.5209282694814035
0.3560375261545721 0.009839847705730917 0.6341226261396969
0.5424833202086773 5.021846670028755e-05 0.45746646132462254
0.33828205777064335 0.00022672989779179664 0.6614912123315649
0.29059418591680714 0.00036012067294507457 0.7090456934102477
0.30209635098291765 2.88805275279878e-05 0.6978747684895544
0.3748173032509244 1.690833375543648e-05 0.6251657884153201
0.517362979912595 1.1768030602515184e-06 0.48263584328434483
0.32550250028615396 1.6679962731439715e-05 0.6744808197511146
0.3503882157920632 4.0896844623942875e-07 0.6496113752394906
0.34878855212605875 1.151602508768552e-06 0.6512102962714325
0.34835756920072486 6.847737551651435e-06 0.6516355830617234
0.3484926032963547 3.566201862835358e-06 0.6515038305017825
0.34846179301103375 7.36669127800761e-06 0.6515308402976883
0.3484455459081573 5.218143898429898e-06 0.6515492359479443
0.34845916418883527 1.5375563483125385e-05 0.6515254602476817
0.34847284793165245 4.506977637205747e-06 0.6515226450907105
0.3484747236198024 3.681524736640749e-07 0.6515249082277239
0.3484655451567112 1.5543586800760665e-05 0.651518911256488
0.34847045736673415 2.9886828379515375e-06 0.6515265539504278
0.34847143096231276 3.038612129059722e-07 0.6515282651764744
0.34847148291733976 2.918962101954307e-07 0.65152822518645
0.3484703537508587 4.420890596511231e-06 0.6515252253585447
0.34846685384896725 1.3819103797791676e-05 0.6515193270472349
0.3484714817202513 1.133095655116949e-06 0.6515273851840936
0.34847081331282104 2.5217024013993397e-06 0.6515266649847776
0.3484674353511006 1.2320959867497132e-05 0.6515202436890319
0.34847231832366143 2.6409383547829655e-07 0.6515274175825031
0.34846759437383384 1.1816852146068984e-05 0.6515205887740201
0.34846832901492536 1.0189576974317726e-05 0.6515214814081004
0.3484717669144949 1.1419980590873775e-06 0.6515270910874459
0.3484699979473836 5.933174525704533e-06 0.6515240688780908
0.34846708177694563 1.415435037916682e-05 0.6515187638726753
0.34847123576341066 2.212550927970389e-06 0.6515265516856614
0.34847089082833727 9.469801362251414e-07 0.6515281621915266
0.34847141063224696 1.5623642924453608e-08 0.6515285737441101
0.3484716430412825 2.1714246760209838e-08 0.6515283352444707
0.34847191419258366 1.8479755934001551e-09 0.6515280839594408
0.3484713667520241 1.924000638035329e-09 0.6515286313239751
0.348470839152491 6.804074255108759e-08 0.6515290928067665
0.34847147327742795 1.3220238038443563e-08 0.6515285135023341
0.3484718710300451 6.319246504195904e-10 0.6515281283380302
0.3484709925678923 2.374761716922906e-08 0.6515289836844905
0.3484711424456026 6.249360886427538e-09 0.6515288513050365
0.34847110692764527 8.435538950415315e-10 0.6515288922288007
0.348471424348282 1.0321973836299607e-08 0.6515285653297441
0.3484698571165122 7.25875812614221e-07 0.6515294170076752
0.3485171737413684 7.5166758433767e-08 0.6514827510918731
0.3484771924527032 1.8426536814058375e-07 0.6515226232819287
0.3484562146795963 2.666445933824481e-06 0.6515411188744699
0.3484804727078083 4.210720712418333e-06 0.6515153165714794
0.34863605973552264 4.041786129102342e-07 0.6513635360858644
0.34723090151483504 3.369745321077146e-06 0.6527657287398438
0.34732091424361083 2.101639595584705e-06 0.6526769841167936
0.39683041105367267 7.807446333057946e-08 0.603169510871864
0.44339561284509177 8.333780505527333e-08 0.5566043038171031
0.3078013509483006 1.0908521791324133e-06 0.6921975581995203
0.35283433703675765 0.0001514774414205648 0.6470141855218218
0.27901747755070433 0.0004635680967133537 0.7205189543525823
0.3533191873338364 0.00035994870413739397 0.6463208639620263
0.40891386998741014 6.799613588348474e-05 0.5910181338767064
0.29526184109680326 0.0016647555961986397 0.7030734033069981
0.3585171636316709 0.004688885328105268 0.6367939510402238
0.30631052403002645 0.07018168680247514 0.6235077891674985
0.22881350223194116 0.07114974695589103 0.7000367508121679
0.07814589782920077 0.6267829715270001 0.29507113064379914
0.13570474307947855 0.2778972126112651 0.5863980443092563
0.037270235935240294 0.8955739177974822 0.06715584626727758
0.04110040687906617 0.8745741623857975 0.0843254307351362
0.07381548644584247 0.6992835985142881 0.22690091503986937
0.01217284369507137 0.9491083723769707 0.038718783927958016
0.021026473720603896 0.9371656145552337 0.041807911724162414
0.07807597755960681 0.7014782835174289 0.22044573892296437
0.02742741476505954 0.8989757127184659 0.07359687251647455
0.011804088803418478 0.9252075683950607 0.06298834280152071
0.010701409860638582 0.9429073567882945 0.04639123335106692
0.0027802132676873993 0.9719135027691849 0.025306283963127653
0.011277755795557821 0.8721318919232206 0.11659035228122158
0.00482230034626364 0.9430769034351042 0.05210079621863213
0.0018313298311968954 0.9724719499191421 0.025696720249660934
0.002330311990908428 0.9537616990594312 0.043907988949660484
0.0005322758784686556 0.9817227281790895 0.017744995942441926
0.00174455656613099 0.935161773700431 0.06309366973343801
0.0007439580199307512 0.9720235556391489 0.027232486340920306
0.0020657962546320138 0.9633698231044796 0.03456438064088844
0.0024806097950433857 0.9638958553783642 0.0336235348265924
0.0055186652304469565 0.9587374719338628 0.03574386283569026
0.019517349906439167 0.913199554201447 0.06728309589211387
0.40523597664443367 0.23371012066963504 0.36105390268593124
0.23831790858862342 0.39937030722006345 0.36231178419131316
0.6658766539312817 0.017865987014067615 0.31625735905465063
0.6073055154691257 0.06892984489805666 0.3237646396328177
0.6470550914202312 0.04557324937537021 0.3073716592043986
0.6442224878366251 0.0336595536901849 0.32211795847319
0.4726812078201062 0.07052923378412111 0.45678955839577273
0.5766704662864803 0.004294241541656128 0.4190352921718636
0.07395548382834911 0.7167479035587445 0.2092966126129063
0.07057581443655551 0.7194295225974157 0.20999466296602876
0.11159941126050779 0.5455017936942345 0.3428987950452577
0.024622512643602597 0.799956782402561 0.17542070495383652
0.08123431410522906 0.40912775682215746 0.5096379290726135
0.0469869528824976 0.6742191553951937 0.2787938917223087
0.033824427822765055 0.675170173474245 0.2910053987029899
0.05313211302665222 0.4093338229439645 0.5375340640293834
0.07873516778872766 0.06438704631658462 0.8568777858946878
0.018266550684362354 0.7770471668101806 0.20468628250545692
0.014740201271588416 0.8145995529359594 0.17066024579245218
0.063160638358729 0.2219106261298534 0.7149287355114177
0.044802083077887 0.41071661952179855 0.5444812974003145
0.024383885188101462 0.6682338176690774 0.307382297142821
0.01594889921972803 0.7803221474281424 0.20372895335212948
0.02384344131965562 0.6773594960255804 0.298797062654764
0.04443772728908711 0.40598803626742974 0.5495742364434832
0.01717542978626945 0.7705951838980637 0.21222938631566693
0.049751134834661856 0.4954891011700146 0.45475976399532353
0.056545086613714275 0.47653691538220444 0.4669179980040812
0.05877500376129393 0.4334048987814135 0.5078200974572926
0.037327442275836134 0.6383923767714769 0.32428018095268707
0.043972635618222365 0.5557484796766805 0.40027888470509704
0.05753292752177476 0.009731526371416615 0.9327355461068086
0.03728562890198771 0.1508408093688611 0.8118735617291513
0.04709794984821168 0.09263769381176533 0.860264356340023
0.06620817163104771 0.00035808890236140885 0.9334337394665909
0.048571087525474246 0.007804371774360857 0.9436245407001649
0.05617462122643477 0.0037938163413271477 0.9400315624322381
0.05350198711861025 0.00637257065588092 0.9401254422255089
0.056458592423812196 0.0096987798081033 0.9338426277680845
0.05412072846034158 0.00527769575609303 0.9406015757835653
0.051153544288966145 0.012386101083900815 0.936460354627133
0.05501751916576771 4.368228543176503e-05 0.9449387985488006
0.05233529501242906 0.0018601803371691365 0.9458045246504018
0.051407025715395765 0.0016943733653920756 0.9468986009192122
0.05447993323453108 3.9236075654482204e-06 0.9455161431579034
0.05424045126946674 7.808637944257341e-05 0.9456814623510907
0.054429956156685506 6.702330226403502e-05 0.9455030205410505
0.05451597842266662 2.924408495259355e-07 0.9454837291364838
0.05456802803187202 6.868863259873923e-06 0.9454251031048682
0.05450987100435829 9.286608529268814e-08 0.9454900361295564
0.05455522434639804 1.564458376341637e-07 0.9454446192077643
0.054474442830709756 3.8056554743903494e-08 0.9455255191127355
0.054472014569779854 8.032879940953677e-07 0.9455271821422261
0.05444363271976896 1.0806147039898558e-07 0.9455562592187606
0.05448502167843192 8.768144443877416e-08 0.9455148906401237
0.054490210844637614 3.13781558555709e-07 0.9455094753738038
0.054504680956217036 2.443884395280656e-09 0.9454953165998986
0.05449326863294969 9.755188677058428e-08 0.9455066338151635
0.05449389108018497 4.4649259411946445e-08 0.9455060642705556
0.054494288371344055 1.244586073803247e-08 0.9455056991827953
0.054493266378466305 3.598488450994395e-06 0.9455031351330827
0.05449337239693381 6.907638913389975e-07 0.9455059368391748
0.054493320591995714 8.09864745874937e-07 0.9455058695432583
0.0544932092978152 2.1254730616273514e-06 0.9455046652291231
0.05449297227764445 5.790496502474673e-06 0.945501237225853
0.05449321352652407 1.2411754465280447e-06 0.9455055452980293
0.054493247973811394 5.965829768138727e-07 0.9455061554432118
0.054493137111410586 2.4710475178329227e-06 0.9455043918410715
0.05449277396393275 9.194522531531118e-06 0.9454980315135357
0.05449326387579133 1.2444915025050263e-07 0.9455066116750585
0.05449283059130314 8.188494045817611e-06 0.945498980914651
0.05449332838015745 1.2898866939757165e-07 0.9455065426311731
0.05449325581707592 1.075171904007415e-07 0.9455066366657336
0.05449289092944375 6.25429852843183e-06 0.9455008547720278
0.05449115672349017 6.178661824312833e-06 0.9455026646146856
0.0544950507215929 8.991748153603056e-06 0.9454959575302535
0.054463868708214666 1.2970290266985348e-06 0.9455348342627585
0.05454137467293503 5.979222017167286e-06 0.9454526461050479
0.054481882803731466 2.4635193385951853e-06 0.94551565367693
0.05443310514202362 7.659215172330933e-07 0.9455661289364591
0.05499761023084781 1.1606224812531553e-07 0.9450022737069042
0.05429675330314785 1.5577972284710154e-07 0.9457030909171292
0.05465818828618166 1.0672403935149198e-06 0.9453407444734249
0.05437780510405215 1.3568968539622726e-08 0.9456221813269794
0.05496514728104692 9.034849487734312e-07 0.9450339492340043
0.05438375594794758 0.00028943135354985035 0.9453268126985026
0.0543434564159591 0.0005236741476478975 0.9451328694363931
0.05440191278210697 6.9080804080243e-05 0.9455290064138128
0.054177837653720334 1.0166682909078156e-05 0.9458119956633706
0.05417972587119614 0.00023635527548270153 0.945583918853321
0.0540538290870964 0.0002139625345897855 0.9457322083783138
0.053963932747925485 0.001748943454249853 0.9442871237978246
0.054045562786207105 0.00019801764519676235 0.9457564195685961
0.05388488883986581 0.0018328123723078808 0.9442822987878263
0.053914718568260356 0.00016705436001692315 0.9459182270717227
0.053892510206415424 0.0009401788744970663 0.9451673109190875
0.05390972312577335 0.0003484279412771326 0.9457418489329494
0.05390703200170462 0.0003503828816510284 0.9457425851166443
0.05391224245128449 0.0005812111457355419 0.9455065464029799
0.053900985720827396 0.000594511889611839 0.9455045023895607
0.053839379472426445 0.0008806868101406627 0.9452799337174328
0.053722418257679955 0.002861398456733432 0.9434161832855866
0.05376669120390376 0.0019568387442098077 0.9442764700518864
0.05381201855987536 0.0011346002763560337 0.9450533811637685
0.053851109767740435 0.000278141768570237 0.9458707484636892
0.053846415448280574 0.00038834801820919154 0.9457652365335103
0.05382288693115371 0.0007486197053271159 0.9454284933635192
0.05383439731335703 0.0006146142191912128 0.9455509884674517
0.053822946728801425 0.0005821887395970681 0.9455948645316015
0.05389562064501754 2.319770609809418e-05 0.9460811816488843
0.053843462778934176 0.0002279064967676755 0.9459286307242981
0.05384889902420967 0.00037642111398316405 0.9457746798618072
0.053793565080344885 0.001079582062733349 0.9451268528569218
0.053826717976681954 0.0005409613339190063 0.9456323206893991
0.0538462316655512 0.00016873756175449123 0.9459850307726944
0.05379173072476926 0.0008162064808221884 0.9453920627944086
0.05380017805270941 0.000691363274644063 0.9455084586726464
0.05380894732656999 0.0006347215288624858 0.9455563311445676
0.054066545418328824 2.619851749868964e-05 0.9459072560641725
0.05389946630721683 7.295173185718404e-05 0.946027581960926
0.053948365769996245 0.00028171244373291753 0.9457699217862707
0.05394242223269704 3.2066110281855e-05 0.9460255116570211
0.05390509570553944 0.00040583503148074515 0.9456890692629798
0.05395418810810227 1.591560387722984e-05 0.9460298962880205
0.053916812999888854 3.4455821109560826e-05 0.9460487311790017
0.05390515481632934 6.838008504449206e-05 0.9460264650986262
0.053904730589339395 3.634629728315187e-06 0.9460916347809323
0.053926539840333625 0.00024289310175779625 0.9458305670579086
0.05392513235153838 0.000171416734439954 0.9459034509140216
0.053927837683522974 0.0002369733294851023 0.9458351889869919
0.053932426937779006 5.980807603070718e-05 0.9460077649861902
0.05393488788081141 5.351427148751767e-05 0.9460115978477012
0.05399819981373985 1.0314986140921868e-05 0.9459914852001193
0.053948774533824635 1.7673073267725025e-05 0.9460335523929077
0.05393901305596755 0.00014140322668524185 0.9459195837173473
0.05402449115472894 7.242361207100015e-06 0.945968266484064
0.05406796415627004 4.742549511968297e-06 0.945927293294218
0.05399429948871967 2.258037448250322e-05 0.9459831201367979
0.054123157546567595 7.832766076899846e-07 0.9458760591768247
0.05366188153133142 5.048948981198359e-06 0.9463330695196874
0.055911183432954335 1.2823687000211334e-07 0.9440886883301757
0.0536387450507281 4.5363663356844965e-08 0.9463612095856085
0.05360151582943135 6.469551132153907e-05 0.9463337886592471
0.05615193055009377 6.93849681418969e-06 0.9438411309530921
0.05654078050794156 1.2880708753527981e-05 0.9434463387833049
0.052981811310508296 0.0003255048442810465 0.9466926838452107
0.052875966131046184 0.0029132504690212355 0.9442107833999326
0.05248271105757094 0.004141256999342816 0.9433760319430864
0.052208306507853935 0.0013229929956271023 0.9464687004965189
0.052291234182664306 0.004760987515589367 0.9429477783017464
0.052122078403304566 0.003996872106596239 0.9438810494900992
0.05263599020797047 0.00018199430303898685 0.9471820154889905
0.05260873251667797 0.00016915671422401807 0.947222110769098
0.05200066595845802 9.830225321633047e-05 0.9479010317883256
0.05175378056953023 0.0006318186945131642 0.9476144007359566
0.051264159656527065 0.006520583450378707 0.9422152568930942
0.05120593724680158 0.0069949129107238096 0.9417991498424746
0.051199285935062934 0.0070098010758757 0.9417909129890614
0.051489265613344666 0.001370438052855494 0.9471402963337999
0.051423428236086116 0.002626341156985928 0.9459502306069278
0.051441720222210635 0.0022620967995208375 0.9462961829782685
0.051050014523351575 0.009831003919795881 0.9391189815568526
0.051204822964504515 0.006804076976681458 0.941991100058814
0.05154714973152618 0.00015074565701037195 0.9483021046114635
0.0515254318391311 0.000559619813457985 0.947914948347411
0.05109879470936509 0.008806853042568225 0.9400943522480666
0.05125157639969482 0.005855697582398793 0.9428927260179063
0.05129403845506016 0.005022914665943448 0.9436830468789964
0.051436305930876836 0.001885645063957542 0.9466780490051656
0.05130879296671633 0.0040021314396789685 0.9446890755936046
0.05156862863196366 0.0010017613579921703 0.9474296100100442
0.0515328962920096 0.00038913492253280147 0.9480779687854576
0.051567173417766676 0.00040940050529405234 0.9480234260769393
0.05162159317121756 0.00023610621774368122 0.9481423006110388
0.05147284755730903 0.002336617503201244 0.9461905349394897
0.051565552683826246 0.00023987794295862708 0.9481945693732151
0.05161487767457663 9.337884649173861e-05 0.9482917434789316
0.05159696244393478 0.0004256069061925629 0.9479774306498726
0.051607894327231243 1.4219415937658938e-05 0.9483778862568311
0.05161769071035161 1.238515337972131e-05 0.9483699241362687
0.051579131648628505 4.0238283358947496e-08 0.9484208281130881
0.05158486768859934 9.777230648329215e-09 0.94841512253417
0.051580742624281146 3.5087563237752784e-07 0.9484189065000864
0.05158003196321527 8.9033124580166e-09 0.9484199591334722
0.051545485602645595 1.627349635666083e-06 0.9484528870477188
0.05157855014907447 5.601828338745637e-07 0.9484208896680917
0.05157772498379839 6.089342591372237e-07 0.9484216660819424
0.05158365886698238 1.218338775779685e-07 0.94841621929914
0.051577473868108355 6.285888970507327e-08 0.9484224632730018
0.051575728261586816 1.513201338099662e-06 0.948422758537075
0.05157648148153048 5.240523282148563e-07 0.9484229944661413
0.05157519678834288 1.5415060233991424e-06 0.9484232617056337
0.05157528895267785 6.015958627057111e-07 0.9484241094514594
0.05157455649072821 8.451904485988317e-08 0.948425358990227
0.051570850464632056 2.5040981530967212e-05 0.9484041085538369
0.05157069572755778 2.303293969203853e-05 0.9484062713327501
0.05157147401001013 1.272885000980373e-05 0.94841579713998
0.05157158457116676 3.920592116309864e-06 0.948424494836717
0.05157075446063809 1.9741412725691845e-05 0.9484095041266363
0.05157161874581107 2.3613310407069368e-06 0.9484260199231482
0.05157175749374099 3.436832914556899e-07 0.9484278988229675
0.05157135328775168 7.781079674889281e-06 0.9484208656325734
0.05157128897147233 1.1013807509193806e-05 0.9484176972210185
0.05157171798490193 4.12567588900884e-07 0.9484278694475091
0.051571478471979924 6.542029076774097e-06 0.9484219794989432
0.051570220174797315 2.842069028533233e-05 0.9484013591349173
0.05157019353745447 2.8370505645595904e-05 0.9484014359569
0.05157125935693341 7.186133878704745e-06 0.9484215545091879
0.051571445978201784 3.5286049740607e-06 0.9484250254168242
0.05157160434122812 9.29460188487673e-07 0.9484274661985833
0.05157127120733276 6.398420617615814e-06 0.9484223303720497
0.05157105809388922 9.42539875123806e-06 0.9484195165073596
0.051571242565310434 2.846800231974092e-06 0.9484259106344576
0.05157068236827613 1.2505762121033538e-05 0.9484168118696028
0.051571698872319806 1.3025519353045874e-06 0.9484269985757449
0.051571454710895526 2.1910251620879054e-06 0.9484263542639423
0.05157150394157192 1.904714021943922e-06 0.9484265913444061
0.05157363930118881 5.916641829373401e-08 0.9484263015323928
0.05157643909701568 1.3670396166649874e-08 0.9484235472325881
0.051573668968022866 4.005454984752337e-08 0.9484262909774274
0.05157780459996273 4.7297172064981984e-08 0.9484221481028652
0.05157155143068457 3.4520903828744895e-06 0.9484249964789325
0.0515718287066818 1.9307740256617495e-06 0.9484262405192925
0.051571690436797095 4.983047640532396e-06 0.9484233265155624
0.05157177539426448 1.975621585740657e-06 0.9484262489841498
0.0515738599008758 3.8811094742388037e-07 0.9484257519881768
0.051571553634080905 2.4690155615700883e-06 0.9484259773503576
0.05157143396778611 4.8163276485745665e-06 0.9484237497045653
0.05157137406798317 6.509019242448314e-06 0.9484221169127743
0.051571774941398016 1.0794168502400429e-07 0.9484281171169169
0.05157177201319252 1.0707464647358566e-07 0.9484281209121609
0.05157165165131987 5.47533916609178e-07 0.9484278008147635
0.051571648507756786 9.024188358995415e-07 0.9484274490734074
0.05157136708354947 6.560076153243363e-06 0.9484220728402973
0.05157145958957092 4.585472294003175e-06 0.9484239549381351
0.051571371623566675 6.4922826209009345e-06 0.9484221360938124
0.051571478098461535 4.34589981207105e-06 0.9484241760017265
0.05157173370353006 9.315212753903059e-08 0.9484281731443425
0.051571725558730144 1.0043722579677238e-07 0.948428174004044
0.051571635601795625 2.1701323985768487e-06 0.9484261942658059
0.05157170059444662 1.1823223382217344e-06 0.9484271170832151
0.05157169780968509 5.404990299526655e-07 0.948427761691285
0.051571657401895794 1.4060434866625794e-06 0.9484269365546175
0.05157159458691173 1.901117501541454e-06 0.9484265042955867
0.05157172125469736 9.926289152052426e-09 0.9484282688190134
0.051571708020703357 3.668169806960136e-08 0.9484282552975987
0.051571874012764335 3.298555913876368e-09 0.9484281226886797
0.05157171489888365 6.214496759073014e-09 0.9484282788866196
0.05157169253775587 7.693072014412886e-10 0.9484283066929369
0.05157169302696148 6.894637218867447e-09 0.9484283000784013
0.05157164340143786 4.001849538365457e-08 0.9484283165800668
0.0515717058228761 4.4345677751357464e-08 0.9484282498314461
