inside membrane outside
0.25229501297494744 0.0 0.7477049870250525
0.3477332482046798 4.180599399849473e-06 0.6522625711959203
0.2360479792232462 0.0029085734052316206 0.7610434473715223
0.3476168851599406 0.00014986388109740825 0.652233250958962
0.11641674396087688 0.1911977510682863 0.6923855049708367
0.19950613029201927 0.06325489202214025 0.7372389776858405
0.20632809472744856 0.2083180062320984 0.5853538990404531
0.15191985005911218 0.10883768905681002 0.7392424608840777
0.11108150274255327 0.1991808310217834 0.6897376662356633
0.19254550246258634 0.07101176380610294 0.7364427337313108
0.16875725952710605 0.24812752891381806 0.5831152115590759
0.2109433695394306 0.06021244422495676 0.7288441862356125
0.1688483814206073 0.24777886736495924 0.5833727512144333
0.16884719141053844 0.24778416969264455 0.583368638896817
0.1892525302957257 0.15689849046538235 0.6538489792388921
0.20235261097413862 0.09853891064329505 0.6991084783825663
0.158093426805839 0.29570911451762455 0.5461974586765364
0.21547504802053935 0.040077357049235825 0.7444475949302247
0.20543361015998657 0.08481178717161451 0.709754602668399
0.17014054178609228 0.24191476596576109 0.5879446922481467
0.19182281107637889 0.14522860155846049 0.6629485873651606
0.15538950520680758 0.30642293403979415 0.5381875607533981
0.22285703171661217 0.03235995836783991 0.7447830099155479
0.2358481846007718 0.002385087619209219 0.761766727780019
0.2534319648566074 0.009080430565982194 0.7374876045774105
0.24172758619456705 0.010184969338256038 0.7480874444671769
0.2556024766830884 0.007128098051348391 0.7372694252655632
0.2647377337641243 0.0021158290166489384 0.7331464372192267
0.2487996452506128 0.010600300807050045 0.7406000539423372
0.2539502577598718 2.6358168540283665e-06 0.7460471064232741
0.29783005652876227 1.8263617153011555e-06 0.7021681171095225
0.27542383536714726 4.502366279698375e-05 0.7245311409700558
0.26515936235354104 2.5179103827251464e-06 0.7348381197360763
0.2573613543643674 2.615241696462556e-06 0.7426360303939361
0.2601926641362587 1.62394632661821e-05 0.7397910964004751
0.25874842584661417 6.324963397495097e-10 0.7412515735208896
0.2700263607604389 6.392577551190719e-10 0.7299736386003033
0.26095369382694206 1.2174960904158275e-07 0.7390461844234489
0.2631943996419429 1.5745395880640914e-09 0.7368055987835175
0.26108845935700353 7.239977203589545e-09 0.7389115334030193
0.2610172856971839 4.0811505877545906e-09 0.7389827102216655
0.2610177286561002 3.3168738104515814e-07 0.7389819396565187
0.26102030698171774 5.197456596321449e-07 0.7389791732726227
0.26102039895471146 5.366274116515281e-07 0.7389790644178769
0.26102082894321765 3.650448095120861e-08 0.7389791345523015
0.26102048070654493 1.1167109645310044e-08 0.7389795081263454
0.2610203807540927 4.022707179978624e-07 0.7389792169751894
0.2610203504530264 5.207508490264631e-07 0.7389791287961247
0.2610204848277621 6.802840519421267e-09 0.7389795083693974
0.2610203332844778 5.880820658672099e-07 0.7389790786334565
0.26102048471349726 1.0105659975415782e-08 0.7389795051808428
0.26102048246479853 1.721377471324644e-08 0.7389795003214268
0.2610204371237855 1.905768506625502e-07 0.7389793722993638
0.2610203750149875 4.280387659985286e-07 0.7389791969462466
0.2610203767330616 4.243503033857994e-07 0.7389791989166349
0.26102050546518174 5.4877206506812604e-08 0.7389794396576118
0.26102059323241 3.098974554595021e-09 0.7389794036686156
0.2610205473148781 1.0560875175872082e-09 0.7389794516290343
0.26102054098927147 3.5489907123144305e-09 0.7389794554617377
0.26102055342639474 9.521027401073925e-11 0.738979446478395
0.26102057135124246 9.043245035155594e-12 0.7389794286397142
0.26102057103239507 8.703520892882115e-12 0.7389794289589015
0.2610205573414772 3.2326001604656205e-11 0.7389794426261969
0.26102070139893413 2.9238199025486464e-11 0.7389792985718278
0.2610205936882166 1.53096194750178e-09 0.7389794047808215
0.261020559378247 3.9198573912999126e-09 0.7389794367018957
0.26102058962662 4.470894243618587e-09 0.7389794059024858
0.2610206065317623 4.32844922545575e-09 0.7389793891397884
0.261020573641953 6.385619017319596e-08 0.7389793625018568
0.2610206000214423 4.7823802096204735e-09 0.7389793951961775
0.26102060523127113 1.658986414733928e-08 0.7389793781788646
0.26102060114344694 8.2109472121791e-09 0.7389793906456059
0.2610205649444773 1.7763742461402577e-07 0.7389792574180981
0.2610206047102368 3.145438877346038e-08 0.7389793638353744
0.26102060913623787 1.8903167278026975e-08 0.7389793719605948
0.26102052869847453 3.439826742094441e-07 0.7389791273188513
0.26102061390895426 2.4220609200494297e-08 0.7389793618704366
0.2610205951612267 9.895281268437751e-08 0.7389793058859606
0.2610205975289799 8.911398299321409e-08 0.7389793133570371
0.2610206174147647 1.5331101098456323e-08 0.7389793672541342
0.26102052422223476 3.57151795326875e-07 0.73897911862597
0.2610206060144516 5.3830042419446976e-08 0.738979340155506
0.26102061989141206 6.114997980299251e-09 0.7389793739935899
0.2610206032401189 1.201520539018027e-07 0.7389792766078271
0.26102061704334517 2.6946644535686362e-08 0.7389793560100103
0.26102060983602127 2.8448980172644372e-08 0.7389793617149986
0.2610203745716638 3.711240297804176e-07 0.7389792543043064
0.26102063601776 6.238022898587002e-08 0.7389793016020111
0.26102060477784317 8.602966081497575e-08 0.738979309192496
0.26102038885929274 1.4030188716374065e-07 0.73897947083882
0.26102075251287854 5.305863084699847e-08 0.7389791944284907
0.261020748017963 3.7581572363560315e-09 0.7389792482238797
0.2610207836554647 5.076489623570621e-08 0.738979165579639
0.2610208279807294 2.3390190083545395e-08 0.7389791486290805
0.2610207058900071 1.6929281853544178e-08 0.7389792771807111
0.26102068212423607 7.202125854049737e-07 0.7389785976631785
0.26102034065861024 2.563867053366754e-06 0.7389770954743363
0.26102069288423096 1.054991717556125e-06 0.7389782521240515
0.26102069408018647 1.0580583744464097e-06 0.738978247861439
0.261020367840127 2.640459119109281e-06 0.7389769917007539
0.26102096402343455 6.47649843135107e-08 0.7389789712115812
0.26102062398491527 1.3933157055460332e-06 0.7389779826993792
0.2610208359342077 5.753641462975206e-07 0.7389785887016459
0.26102097356051 5.6640529555983304e-08 0.7389789697989604
0.2610208977222064 3.48259553056181e-07 0.7389787540182405
0.261020206035042 2.9999366921323493e-06 0.7389767940282659
0.26102067799895057 1.1945593028078273e-06 0.7389781274417466
0.2610207088968268 1.075297705386837e-06 0.7389782158054677
0.2610206193461862 1.4242078062489487e-06 0.7389779564460075
0.2610201768461276 3.1239003971366835e-06 0.7389766992534753
0.26102099491337255 4.944020357573974e-07 0.7389785106845916
0.2610212775084608 1.907802424444405e-08 0.738978703413515
0.2610211295643343 5.217430396380535e-07 0.738978348692626
0.2610216532855337 1.4235374377189538e-07 0.7389782043607226
0.2610225695364933 3.861913069067814e-09 0.7389774266015936
0.2610219189649549 8.498403771345303e-09 0.7389780725366413
0.26102296531803554 1.6707634950390414e-09 0.7389770330112009
0.2610214566873957 1.090005939849477e-09 0.7389785422225984
0.2610228806641153 3.191618426087511e-09 0.7389771161442663
0.2610229725025721 3.567808648503549e-11 0.7389770274617498
0.26102156824239076 6.7989823428898405e-12 0.7389784317508102
0.2610217411249178 2.2487733934477493e-10 0.7389782586502048
0.2610218918677929 3.0611820466884553e-11 0.7389781081015953
0.26102175223990043 8.195791546327473e-12 0.7389782477519038
0.26102184617630597 1.1078051261476538e-10 0.7389781537129135
0.2610218404080428 1.105236474884029e-10 0.7389781594814336
0.26102184294288333 2.343690289668549e-11 0.7389781570336798
0.2610218414314638 1.6275799069724334e-10 0.7389781584057781
0.2610218460862657 1.3515734559603774e-11 0.7389781539002185
0.261021844429715 1.714924588638392e-11 0.7389781555531357
0.26102184110009913 4.355583501922822e-10 0.7389781584643424
0.2610218405518947 2.9027349431292384e-09 0.7389781565453704
0.2610218432301286 1.0669520295845137e-10 0.7389781566631762
0.2610218392035292 2.7931529787484448e-09 0.7389781580033178
0.2610218374907514 1.1437125099080253e-08 0.7389781510721236
0.2610218405596927 1.6655136887019924e-09 0.7389781577747936
0.2610218806272656 3.5610946531067187e-09 0.7389781158116397
0.26102185717904103 1.5522611767267155e-09 0.7389781412686978
0.2610198704618478 8.100656011239373e-09 0.738980121437496
0.2610227172310634 4.843927061751669e-09 0.7389772779250097
0.26102210407077486 1.2866428575134906e-08 0.7389778830627965
0.261021887273742 1.1635772325097225e-09 0.7389781115626809
0.26102177120303177 3.7986553491740815e-10 0.7389782284171028
0.26102269558379726 8.226270789795131e-10 0.7389773035935756
0.2610219138005918 1.4515452860518436e-08 0.7389780716839554
0.2610228530655701 4.46374127045997e-08 0.7389771022970172
0.26102187790732323 3.8554473281380505e-08 0.7389780835382035
0.26102238669768363 1.776808981263154e-06 0.7389758364933351
0.26101617809491906 2.918715865110786e-05 0.7389546347464299
0.26101826297205305 2.1654238199712057e-05 0.7389600827897472
0.261023269528102 4.059789129761408e-06 0.7389726706827682
0.26102426686390384 8.064372755449949e-07 0.7389749266988206
0.26102198517176334 9.808844538777131e-06 0.738968205983698
0.26101769246631507 2.6221274294211407e-05 0.7389560862593907
0.2610244314099763 5.209119711200498e-07 0.7389750476780526
0.2610218322286183 1.0498646485014244e-05 0.7389676691248966
0.2610222475858253 8.973966138258707e-06 0.7389687784480363
0.2610212893257498 1.2680046625207619e-05 0.738966030627625
0.2610209085450784 1.4098327188686817e-05 0.7389649931277329
0.2610244536613267 5.494899846485896e-07 0.7389749968486887
0.26102319776660243 5.382719452697149e-06 0.7389714195139448
0.26102193810041946 1.0220197023521354e-05 0.7389678417025569
0.26101501235872737 3.679189861573861e-05 0.7389481957426568
0.26101590454007323 3.349781090893993e-05 0.7389505976490179
0.261017937565803 2.5922094806659167e-05 0.7389561403393904
0.2610249097373576 4.191609804781801e-06 0.7389708986528377
0.26102912051841104 7.325828058768496e-07 0.738970146898783
0.26102043759537963 2.6518138615876792e-05 0.7389530442660046
0.2610295914440105 1.0968702141940887e-06 0.7389693116857753
0.2610322895310441 1.4778390868998254e-07 0.7389675626850472
0.26104125878342466 8.500948919867545e-07 0.7389578911216833
0.2610314222540494 3.045632533637131e-07 0.7389682731826973
0.26103064948408383 9.263362139477788e-09 0.7389693412525541
0.26103062611517014 5.588406058011966e-07 0.7389688150442241
0.26103342428950826 1.4809253981454362e-07 0.738966427617952
0.26103317513349844 5.0962176428959236e-08 0.7389667739043251
0.2610374672732622 1.0133924975862814e-08 0.7389625225928127
0.2610372822938264 1.0736043209115795e-08 0.7389627069701304
0.261032257205497 5.093971304919336e-07 0.7389672333973725
0.26103225722722867 5.047398313123848e-07 0.7389672380329401
0.2610323384137154 7.394770343934298e-08 0.7389675876385811
0.2610323213973149 3.812141398904044e-07 0.7389672973885453
0.2610319300928548 2.8283295380128466e-07 0.7389677870741914
0.2610333781346945 4.023342443321677e-09 0.738966617841963
0.2610322226961618 1.2960617974465924e-07 0.7389676476976585
0.2610327707018124 3.178045793298276e-08 0.7389671975177297
0.2610333508202079 9.401187858236891e-09 0.7389666397786042
0.26103226844051436 6.7783507751792e-07 0.7389670537244081
0.26103289631135684 7.612578487265496e-07 0.7389663424307944
0.26103131947042074 5.094561693937229e-06 0.7389635859678854
0.26103186286191543 2.8708621255066223e-06 0.738965266275959
0.2610286631196687 1.4301392358168168e-05 0.7389570354879732
0.2610318306301777 2.0740066976375215e-06 0.7389660953631246
0.26103129466027253 4.1629977036324325e-06 0.7389645423420238
0.26103213770998474 9.489618469406534e-07 0.7389669133281683
0.2610323310592122 2.2453006225217825e-07 0.7389674444107255
0.26103147230786006 3.5016101912920242e-06 0.7389650260819487
0.2610308263108159 5.974500212761502e-06 0.7389631991889712
0.2610308275830625 5.9721730062184675e-06 0.7389632002439313
0.26103082942860295 5.967914994715698e-06 0.7389632026564024
0.2610310920247882 4.967028770200776e-06 0.7389639409464416
0.2610323424333352 1.747910946098933e-07 0.7389674827755702
0.26102851153313167 1.485607131022841e-05 0.7389566323955581
0.2610322216113878 6.696973542814578e-07 0.7389671086912579
0.2610285080193098 1.4889462734992633e-05 0.7389566025179551
0.26102966671944494 1.0576891069684615e-05 0.7389597563894854
0.2610299158347719 1.0622078154558398e-05 0.7389594620870735
0.2610336865180757 2.10662287703738e-08 0.7389662924156956
0.2610344785323282 1.7635452012785354e-08 0.7389655038322198
0.26103609248097487 1.5804656986106665e-10 0.7389639073609785
0.2610334328359491 7.015875743338646e-11 0.7389665670938922
0.2610337124972488 4.6247499173632997e-10 0.7389662870402761
0.2610340695456915 3.0582617669265864e-09 0.7389659273960466
0.2610348247204719 1.8367487967020716e-09 0.7389651734427793
0.261034075143197 2.3649111436635895e-10 0.738965924620312
0.2610336899646977 9.98862296418698e-12 0.7389663100253137
0.2610337148921555 4.4345427806015356e-10 0.7389662846643903
0.2610341678578577 4.504825230493431e-12 0.7389658321376374
0.26103418969538933 5.024870506871646e-12 0.7389658102995857
0.26103418651243443 9.246516235220529e-11 0.7389658133951005
0.26103418632290015 6.074969685238604e-12 0.7389658136710249
0.26103418622749813 5.127032729509784e-10 0.7389658132597985
0.261034185995153 1.0362785867741684e-11 0.7389658139944842
0.2610341868060548 3.2255981284504067e-10 0.7389658128713853
0.26103418585186033 8.997424031133597e-12 0.7389658141391423
0.2610341854195735 3.560477760994575e-10 0.7389658142243787
0.2610341924736793 8.368182555965115e-12 0.7389658075179526
0.26103417978804977 8.140809350384438e-11 0.7389658201305421
0.26103419043649373 5.6027390235221446e-11 0.7389658095074789
0.2610341776793923 1.5403612581963758e-10 0.7389658221665716
0.2610341915981924 2.5953661881968373e-10 0.738965808142271
0.2610341759197054 2.0033999747772645e-10 0.7389658238799546
0.26103426694944143 3.883182678314357e-09 0.7389657291673759
0.26103440423479646 1.509080291899602e-10 0.7389655956142955
0.2610341581605693 3.1079656748194954e-09 0.738965838731465
0.2610342138634832 2.602910362308687e-09 0.7389657835336065
0.2610345917359075 8.801258595769851e-10 0.7389654073839667
0.2610340220700872 9.887391894568003e-08 0.7389658790559939
0.2610340969796296 5.729368460139374e-08 0.7389658457266858
0.26103408414401286 4.433951723737229e-08 0.7389658715164699
0.261034622625577 5.163786708400038e-09 0.7389653722106364
0.2610339710076779 1.5782513292986335e-07 0.7389658711671893
0.26103363189411954 8.930331781208409e-07 0.7389654750727023
0.2610337865455272 8.490620376976634e-08 0.738966128548269
0.26103388490812274 1.2358731528401784e-08 0.7389661027331458
0.26103424004560855 9.243079932303709e-08 0.7389656675235922
0.2610335448799716 1.0585555601414713e-06 0.7389653965644682
0.2610330710313116 2.1420002103392504e-06 0.738964786968478
0.26103345308027787 7.803140759185716e-07 0.7389657666056462
0.261033442131538 7.732210256520677e-07 0.7389657846474363
0.2610336428216526 4.97615663605184e-08 0.738966307416781
0.2610333266812614 1.2860100840716793e-06 0.7389653873086545
0.2610334235674368 9.295089116363804e-07 0.7389656469236515
0.2610335470203821 4.7359052923393637e-07 0.7389659793890887
0.2610327568561152 3.5164561198863957e-06 0.7389637266877649
0.26103365928348515 4.9940825432460854e-08 0.7389662907756893
0.26103277451488716 3.4486573880271607e-06 0.7389637768277248
0.26103354676949336 4.706620870261174e-07 0.7389659825684196
0.2610336519842923 5.4270110115802345e-08 0.7389662937455976
0.2610328448242978 3.1207174614389204e-06 0.7389640344582408
0.2610331013757182 2.1155178725504113e-06 0.7389647831064093
0.26103347431582613 6.42634151699623e-07 0.7389658830500222
0.2610336201169897 4.540723570556824e-08 0.7389663344757745
0.26103348052287406 5.154258940180132e-07 0.7389660040512319
0.26103315107742703 1.7976498398988189e-06 0.738965051272733
0.26103354069099727 1.6755565985509035e-08 0.7389664425534367
0.2610334574318163 2.3336763996618744e-07 0.7389663092005436
0.2610334899361122 6.471061052993517e-08 0.7389664453532774
0.2610334625935333 1.9196738764589607e-07 0.738966345439079
0.2610335007350752 3.978725569318222e-09 0.7389664952861993
0.26103335438143854 4.3466695004825103e-07 0.7389662109516115
0.261033459522676 4.702409853414593e-08 0.7389664934532254
0.26103361138132597 4.125135953679682e-08 0.7389663473673145
0.2610334958844575 3.7988346575372285e-10 0.738966503735659
0.26103347883040573 2.4435588985356894e-08 0.7389664967340053
0.26103371201739145 1.1849333731544064e-11 0.7389662879707591
0.2610337524217528 2.9221180081964024e-12 0.7389662475753251
0.26103508665099384 2.1567775431948127e-11 0.7389649133274384
0.2610351287703013 6.333182197413666e-10 0.7389648705963805
0.2610342984309071 1.4601114460297432e-07 0.7389655555579483
0.26103516703378055 8.303133435641728e-08 0.738964749934885
0.26102938859864144 3.212494944062158e-06 0.7389673989064145
0.26103318740426995 5.769817567513578e-07 0.7389662356139732
0.2610336098732652 1.0408538209700932e-07 0.7389662860413527
0.2610328246357433 2.6503247041484126e-06 0.7389645250395526
0.2610327586788292 4.318942326098032e-06 0.7389629223788448
0.2610267065219122 2.1537385147544626e-05 0.7389517560929403
0.26103350293563904 2.987213313875152e-06 0.7389635098510471
0.2610341706483385 8.888608257134233e-07 0.7389649404908357
0.2610242528147271 4.0126655389361774e-05 0.7389356205298835
0.2610193585235489 5.9968100790032474e-05 0.738920673375661
0.2610327791294361 8.724566574514143e-06 0.7389584963039894
0.26103278496955873 8.813031048951552e-06 0.7389584019993923
0.2610238936467369 4.295806741609598e-05 0.738933148285847
0.26101968110111606 5.901606540226431e-05 0.7389213028334817
0.2610303985162703 1.8062984819190005e-05 0.7389515384989105
0.26103491500463966 8.01905695710863e-07 0.7389642830896646
0.26103375142707025 5.243145837517405e-06 0.7389610054270922
0.26102620692619566 3.423364594259064e-05 0.7389395594278617
0.2610195404922326 5.978589037552504e-05 0.7389206736173919
0.2610319128271573 1.2511522305431486e-05 0.7389555756505374
0.2610233031714843 4.5153399565881995e-05 0.7389315434289498
0.2610385229107546 1.4385401569763885e-06 0.7389600385490885
0.2610365641682758 8.583435260649526e-06 0.7389548523964635
0.26104420333585615 7.56952254959438e-07 0.7389550397118888
0.2610374719518746 4.398313416272071e-06 0.7389581297347092
0.2610366555700393 6.67113950423662e-06 0.7389566732904564
0.2610401947734585 1.8057796979856978e-07 0.7389596246485717
0.26104289640221634 1.6721407707584652e-06 0.7389554314570129
0.26104318349346767 5.3870537800717734e-06 0.7389514294527523
0.2610440875266466 3.135242876092341e-07 0.7389555989490658
0.26105493764939414 2.39212125881097e-08 0.7389450384293933
0.26104395767562266 1.2203164691680152e-07 0.7389559202927304
0.2610843769626918 1.0747509841187322e-08 0.7389156122897984
0.2609566144972264 5.128543857848621e-07 0.7390428726483879
0.25522310118015024 2.065455084575901e-08 0.7447768781652989
0.2520210460623431 4.603346431420341e-08 0.7479789079041926
0.30554366635302016 1.2170775226570388e-07 0.6944562119392277
0.23413667952579156 1.5043642189026518e-09 0.7658633189698443
0.1983316206721675 1.7083358834757898e-07 0.8016682084942441
0.17467703382298325 2.39584940488424e-07 0.8253227265920762
0.25607673406083775 1.4668106658612556e-07 0.7439231192580956
0.36586196263741066 5.466348447747116e-07 0.6341374907277446
0.23702804730694055 0.0007241779919630317 0.7622477747010964
0.38489590700888354 0.0004265033504319778 0.6146775896406844
0.15304535041194775 0.06415297424468479 0.7828016753433674
0.2713681360809782 0.06288384495667251 0.6657480189623493
0.03155722192599571 0.4625918413037349 0.5058509367702695
0.06120283830455748 0.22279445756840455 0.7160027041270379
0.07286440841524379 0.2759534469789566 0.6511821446057996
0.0027329927152887562 0.8770693416092845 0.12019766567542679
0.0009827254867068413 0.9064704908873104 0.0925467836259828
0.0009973924894163273 0.9142930009561836 0.08470960655440006
9.609893594861658e-05 0.9586486132558003 0.041255287808251245
3.466524864768991e-05 0.9618945012764899 0.03807083347486245
9.630996756050232e-05 0.8794935643279284 0.12041012570451125
4.103481754142991e-05 0.9482034659677694 0.051755499214689075
6.802832010619277e-05 0.9140088520011787 0.08592311967871515
0.00016936825847433648 0.7856506631863742 0.21417996855515134
3.973329084589295e-05 0.9497026388947241 0.050257627814430064
8.02746846465312e-05 0.8990417383077546 0.10087798700759891
9.701030813131347e-05 0.8806178347725595 0.11928515491930916
4.451214357557633e-05 0.9496671304064839 0.050288357449940584
0.0002970294722996558 0.9366502627398826 0.0630527077878177
0.00017264753032543605 0.9635459243801997 0.036281428089474876
0.0008566993808495748 0.9452015168704774 0.05394178374867299
0.010505560268407932 0.8362179933541323 0.1532764463774598
0.013965286727451497 0.7652099705601291 0.22082474271241936
0.006319266643926517 0.9263427460104956 0.06733798734557787
0.03856481419486609 0.8793792475285077 0.08205593827662622
0.25449456467767334 0.32302849564973973 0.42247693967258687
0.10400576857331813 0.7030939052333243 0.19290032619335756
0.4206094289449129 0.1538517316186372 0.42553883943644993
0.7300586793957049 0.0003869220739765332 0.26955439853031854
0.6707038547305447 0.00048097411415824395 0.32881517115529696
0.4889302054288709 0.00011944007464251428 0.5109503544964865
0.5004112833259508 0.0006708044794413917 0.49891791219460785
0.5195685749334024 0.00034128963202309596 0.4800901354345745
0.7321505315737427 2.1661779517217857e-07 0.2678492518084621
0.5907613199091163 8.009915279025243e-06 0.40923067017560477
0.6429006354765902 2.768361214148077e-07 0.3570990876872884
0.587040816763302 1.0532002847761258e-09 0.41295918218349775
0.6037799355937676 3.8887321592578384e-09 0.39622006051750014
0.6198272508995264 9.21410911236746e-11 0.38017274900833253
0.6202322472797764 1.9927206921986684e-08 0.3797677327930166
0.6203451853326661 1.2240129637597966e-07 0.37965469226603754
0.6202720991667797 3.1564473610041204e-09 0.379727897676773
0.6203006254898181 3.3746903663099375e-08 0.37969934076327816
0.6203026316987912 2.4672508623037237e-07 0.37969712157612256
0.6203030442650799 8.53488230119808e-09 0.37969694720003777
0.6203030322993206 1.7817124178852514e-07 0.37969678952943764
0.6203032717230307 1.9269794245948835e-08 0.37969670900717517
0.6203000811090271 4.777984217994533e-06 0.37969514090675477
0.6203025647554252 8.358398481000945e-07 0.3796965994047268
0.6203013260876 2.9050683225333407e-06 0.3796957688440776
0.620299261563025 6.196671617650073e-06 0.3796945417653574
0.6203025469468553 9.418554554448035e-07 0.37969651119768927
0.6203030492059554 1.3090293823480725e-07 0.3796968198911063
0.6203028040412712 5.493018492116273e-07 0.3796966466568795
0.6202980894284249 8.046184077539866e-06 0.3796938643874975
0.6203018830891942 2.080440108552622e-06 0.3796960364706973
0.6203026258936984 7.513480744034384e-07 0.3796966227582273
0.6203018823225587 2.0747854032854396e-06 0.37969604289203795
0.6203018639221302 2.0900274008320826e-06 0.37969604605046914
0.6202990169224233 6.564782234559538e-06 0.3796944182953422
0.6203023083983249 1.2940988682325264e-06 0.3796963975028068
0.6202976367155899 8.72306841886553e-06 0.37969364021599133
0.6203029957796765 1.8148380438930051e-07 0.3796968227365191
0.6203026398934284 7.53249063007661e-07 0.37969660685750856
0.6202977638430799 8.66378257622503e-06 0.37969357237434387
0.6203018961664609 1.199588985284953e-06 0.3796969042445537
0.6203003912898588 4.87215771388725e-06 0.3796947365524273
0.6203017219664714 6.363321574475736e-08 0.37969821440031293
0.6203002817620787 2.031103147519633e-06 0.3796976871347738
0.6203127131475544 3.9927809021173965e-08 0.37968724692463657
0.6202994945837712 3.379772196128404e-07 0.37970016743900914
0.620297491651427 6.658228066875987e-07 0.37970184252576633
0.6203049314336844 8.256490745997292e-08 0.3796949860014081
0.6203049784925998 1.197331372154604e-07 0.37969490177426296
0.6202917678065845 9.802351981364287e-06 0.3796984298414343
0.6202815383792367 1.3892209451697978e-05 0.37970456941131164
0.6202845152607069 1.734838195425085e-07 0.37971531125547353
0.6203258870838568 3.1755417868582943e-06 0.37967093737435625
0.620210814467562 3.314117431802453e-05 0.37975604435811994
0.6200869664292663 0.00011905619974143865 0.37979397737099224
0.6201268377987421 3.1393134343510514e-05 0.37984176906691436
0.6200669382079712 0.000111586543281885 0.37982147524874693
0.6201529517382623 0.00011412311784877489 0.37973292514388884
0.6209086231694138 9.162173586756758e-06 0.37908221465699943
0.6200695338848038 1.9887860876370852e-05 0.3799105782543198
0.6208690627876888 2.0474442584538118e-05 0.3791104627697267
0.6201818887557095 1.281164029805052e-05 0.37980529960399245
0.619785847536745 0.000638969354263469 0.3795751831089915
0.6176446470248218 0.003967380052386727 0.3783879729227914
0.6188537919665689 0.002061812781471628 0.37908439525195947
0.6169580328119597 0.005115622209424436 0.3779263449786159
0.6184162621090727 0.0027644966937631424 0.37881924119716415
0.6191394831470505 0.0015970669882169257 0.37926344986473254
0.6190844441269898 0.0016855134879221706 0.379230042385088
0.6196028800937775 0.0008490905081335 0.37954802939808907
0.6190715691833547 0.0017053571643449767 0.3792230736523003
0.6186070645872046 0.002452816203441156 0.3789401192093542
0.6190720490817353 0.0016930137309824412 0.37923493718728213
0.6200601166212198 8.596628271775206e-05 0.3798539170960625
0.6192362392448325 0.0014211453843985225 0.3793426153707689
0.6192377019620298 0.0014181903620414397 0.3793441076759288
0.6174893402065733 0.004221899781283305 0.37828876001214334
0.6175968461556468 0.004037715709717424 0.37836543813463575
0.6200401126047017 0.00011395535696424195 0.3798459320383341
0.6169684130860751 0.005048381656264538 0.3779832052576604
0.6177299930550322 0.0037445327007007007 0.37852547424426713
0.6188782575785166 0.0018522032209687942 0.37926953920051454
0.6193205592206417 0.0006669305511206556 0.38001251022823784
0.6195398130551282 5.96616415761598e-06 0.3804542207807142
0.6196385011512967 1.9500358776308944e-05 0.380341998489927
0.6195594095689053 4.3962572495036316e-07 0.3804401508053698
0.6196562987749574 6.950600606676508e-07 0.38034300616498184
0.6195071849825715 5.809729898590324e-07 0.3804922340444386
0.6196552971992814 8.678162876655855e-08 0.3803446160190899
0.619613814459704 5.5904897809574e-07 0.3803856264913178
0.619567525428635 1.2409556372629691e-08 0.3804324621618087
0.6195152368626202 1.8436213730930992e-07 0.3804845787752424
0.6195976700206057 2.5513985176817702e-08 0.380402304465409
0.6195435886648896 6.688865079102293e-07 0.3804557424486025
0.6195483784283164 3.83969495060401e-07 0.38045123760218835
0.6195448084557165 6.31763482392814e-07 0.38045455978080117
0.6195452606983185 5.224038324941403e-08 0.38045468706129815
0.61954507550983 1.37584178174848e-07 0.38045478690599177
0.619545258891488 3.600419174949035e-08 0.3804547051043201
0.6195450187239318 4.361968909108008e-08 0.3804549376563791
0.6195448006809364 1.9746830749543257e-07 0.3804550018507561
0.6195447377905821 4.534879392438214e-09 0.3804552576745385
0.6195444124619099 1.6887965086106412e-08 0.3804555706501249
0.619545790918901 7.182419316204777e-10 0.3804542083628569
0.6195434549982072 6.525497598843258e-10 0.380456544349243
0.6195330666742587 2.6415182982549004e-08 0.3804669069105584
0.6195477809704099 1.1325043153340915e-09 0.38045221789708594
0.6195452918596576 1.1157401941328853e-08 0.3804546969829404
0.619056938582321 2.006049161471318e-06 0.3809410553685175
0.6195905152893771 5.535199811769684e-06 0.3804039495108111
0.6194537821412858 2.6741234274000997e-06 0.3805435437352868
0.6190040365987206 2.2772629567207138e-05 0.38097319077171216
0.6195824996752113 2.5846941003461746e-05 0.3803916533837854
0.6194268489994164 9.013480565353952e-07 0.380572249652527
0.6197526561628698 8.617304360860414e-06 0.38023872653276936
0.619785701209688 6.2390151858697235e-06 0.380208059775126
0.6195004320058589 1.4590871822121402e-05 0.380484977122319
0.6199475060966129 0.00033168094679209096 0.3797208129565951
0.6170488242255171 0.005140185752414219 0.3778109900220687
0.6159633649613576 0.007005278018238296 0.377031357020404
0.6196041690504392 0.0011405389013294796 0.37925529204823133
0.6192561816713477 0.001709957493658649 0.37903386083499374
0.6167341136339275 0.005777385274742957 0.3774885010913295
0.6190998154713916 0.00196455091216305 0.3789356336164452
0.6167032257354674 0.005828093262194088 0.37746868100233844
0.6184215839470854 0.0030580011089334034 0.3785204149439812
0.6202474084909755 0.00011452449379842944 0.3796380670152261
0.6190930423731458 0.001975382825417956 0.3789315748014364
0.6166979870349748 0.005836309086212881 0.3774657038788124
0.6166320415535749 0.005941924859067223 0.377426033587358
0.6199137996909063 0.0006514580823896857 0.37943474222670404
0.6195844041429844 0.0011816245219563879 0.37923397133505915
0.6184467718821036 0.0030152742067024963 0.3785379539111939
0.6166339514118964 0.005930810547908214 0.37743523804019546
0.616720977175227 0.0057706437199365685 0.37750837910483653
0.620486240586643 0.00034021093592459105 0.37917354847743245
0.6183174092477256 0.0031046668548034236 0.37857792389747097
0.6201680765825449 0.00017576948799040215 0.3796561539294647
0.621071787250273 4.588883778498357e-05 0.3788823239119421
0.620609656012903 4.362848844858395e-05 0.37934671549864846
0.6207575149247664 2.818711357443442e-05 0.3792142979616592
0.6204441752042541 1.6140100307105684e-06 0.3795542107857153
0.6202197830495094 4.652650214245925e-06 0.37977556430027637
0.621208318026221 3.6249751702272946e-08 0.37879164572402724
0.6205209066025296 5.450608361777019e-07 0.37947854833663425
0.6208224344891144 3.624540736902583e-08 0.3791775292654782
0.6204563610842894 3.118476241776675e-08 0.3795436077309482
0.6205656000808167 5.961833302377854e-07 0.3794338037358531
0.6205977088007719 3.6587938470991587e-07 0.3794019253198433
0.6205180080958788 6.226862444153301e-06 0.37947576504167707
0.6205210182526798 8.31881144894925e-06 0.3794706629358714
0.6205264548508082 1.6717313268132505e-07 0.3794733779760592
0.6205224225502088 6.8430333136188164e-06 0.3794707344164776
0.6205220890625136 7.457991626051158e-06 0.3794704529458604
0.6205258540515659 1.4202350228593342e-06 0.37947272571341134
0.6205266455244931 1.4049850574770224e-07 0.37947321397700107
0.62052222469172 7.26299862212602e-06 0.37947051230965784
0.6205265856301462 2.3546313734912135e-07 0.37947317890671656
0.6205205944760244 9.88969449746187e-06 0.3794695158294782
0.6205223892561569 6.990995847232593e-06 0.37947061974799584
0.6205258618264563 1.388802541851502e-06 0.3794727493710019
0.6205206694170978 9.734849091641493e-06 0.37946959573381056
0.620526214690542 9.008963292406543e-08 0.37947369521982505
0.6205263322512476 1.441453466186588e-07 0.3794735236034058
0.6205260091587268 3.1992761582091867e-07 0.37947367091365736
0.6205225993363809 5.860905824238443e-06 0.3794715397577949
0.6205226767482194 5.683880924477376e-06 0.37947163937085615
0.6205252089851845 1.1247986327307014e-06 0.3794736662161828
0.6205254242424894 1.7418380979726922e-07 0.3794744015737008
0.6205255006433347 5.453953912466199e-09 0.37947449390271143
0.6205236273203355 2.0350895624511627e-07 0.3794761691707082
0.6205339697046972 5.04973873410035e-10 0.37946602979032884
0.6205473970203238 1.2138765661341954e-09 0.37945260176579965
0.6205196515694616 9.001194242370953e-09 0.37948033942934417
0.6205247418670053 5.95122691305293e-08 0.37947519862072543
0.6205212581328586 1.2186008086317597e-08 0.37947872968113333
0.6205194407107627 3.1250766050231546e-08 0.3794805280384713
0.6205193357250948 1.2535073199292378e-07 0.3794805389241732
0.620517905111982 1.7472380152295966e-08 0.3794820774156378
0.6205410719211357 1.135133170528875e-07 0.3794588145655473
0.6205373464953657 3.1694179758358375e-06 0.3794594840866584
0.6205224238809325 6.9488513362655865e-06 0.37947062726773123
0.6204389683196935 0.00011163176679374702 0.3794493999135128
0.6204920245375134 2.540619160680681e-05 0.3794825692708798
0.6204188687803202 0.00014276449616879483 0.37943836672351094
0.6204699003781762 6.038146720224237e-05 0.3794697181546216
0.6204760964036072 5.0373955700662326e-05 0.3794735296406922
0.6205057939660573 2.4479662262642135e-06 0.3794917580677163
0.6204287637186104 0.00012653606059625505 0.3794447002207933
0.6204303337909671 0.00012401172672826894 0.37944565448230466
0.6204814013232152 4.171369677773208e-05 0.3794768849800071
0.6204920539963077 2.4544702361187596e-05 0.37948340130133107
0.6204976954278003 1.5451550569918173e-05 0.3794868530216297
0.6204923472043445 2.4071983159589026e-05 0.37948358081249584
0.6204051480975077 0.0001645994132869416 0.37943025248920537
0.620436194191019 0.00011446945095784629 0.3794493363580232
0.6204057013535558 0.0001625431731001108 0.3794317554733441
0.6204403508792159 0.0001013544943473627 0.37945829462643665
0.6204954925292033 2.0155761755883905e-06 0.37950249189462104
0.6204938850596695 1.4263120282698412e-06 0.3795046886283022
0.6204841337890985 6.5311620730929155e-06 0.3795093350488284
0.6204815497971525 1.0314079146515334e-05 0.37950813612370105
0.6204829166810205 3.847530957786324e-06 0.3795132357880217
0.6204782874890655 5.573460684728855e-06 0.3795161390502498
0.620464484619675 8.985461355434644e-06 0.37952652991896957
0.6204841249074812 2.905606983342098e-08 0.37951584603644906
0.6204810548670641 1.578338760944426e-07 0.37951878729905975
0.620473411043079 5.587606963964054e-07 0.37952603019622466
0.6204797205543318 3.9800319526151825e-08 0.3795202396453487
0.620478590139452 1.6352718210034223e-07 0.37952124633336604
0.6204745234612705 9.854406582548462e-09 0.3795254666843229
0.6204785048125819 1.1957723214377257e-08 0.3795214832296948
0.6204781190377187 8.370489903442208e-08 0.37952179725738233
0.6204779370756254 7.786153775483663e-08 0.37952198506283696
0.6204779361941513 9.984906869148977e-10 0.3795220628073581
0.6204774904046567 3.388702819902713e-08 0.37952247570831504
0.6204771433825698 1.082340658159342e-07 0.3795227483833644
0.6204773353996128 1.31626894195049e-07 0.379522532973493
0.620477980885776 4.743036555418319e-09 0.3795220143711874
0.6204769280957296 1.5944357241711448e-07 0.3795229124606981
0.6204773543146395 3.094608285344477e-08 0.3795226147392777
0.6204782212512961 8.392473426409697e-09 0.37952177035623047
0.6204774797283937 2.7799562186543017e-09 0.37952251749164995
0.620476310232082 6.153318991289764e-07 0.3795230744360189
0.620477096041402 1.1451129961042201e-08 0.3795228925074681
0.6204808690277234 8.375867760136929e-08 0.3795190472135991
0.6204780259349085 7.934198740989146e-07 0.3795211806452173
0.6204726486302438 7.100552416796329e-06 0.37952025081733953
0.6204714299172375 8.363855906561798e-06 0.37952020622685584
0.6204675233056374 1.0613666363685124e-05 0.379521863027999
0.6204797145802432 1.9397556209647985e-06 0.3795183456641359
0.6204698306640098 1.1133296703387057e-05 0.37951903603928683
0.6204758190600304 8.882322966498856e-07 0.379523292707673
0.6204801582956222 5.003718105048797e-07 0.37951934133256743
0.6204665096262172 1.649133781620023e-06 0.3795318412400012
0.6205002026732869 1.876891643643452e-06 0.37949792043506947
0.6204631188158625 1.0159160771464718e-05 0.3795267220233661
0.6204624219492025 1.3699338038368461e-05 0.37952387871275894
0.6203418026855908 0.00019102821394298173 0.37946716910046624
0.6203590736521409 0.00016258343848413656 0.37947834290937493
0.6204374739133767 3.5933995610765424e-05 0.3795265920910126
0.6203467750586774 0.00018157025713035017 0.37947165468419225
0.6203099624251838 0.00024078970816029878 0.3794492478666558
0.6204577135850885 2.953297539454663e-06 0.3795393331173721
0.6204576716609013 3.6053715735533212e-06 0.37953872296752506
0.620346847123787 0.00018071628004117822 0.3794724365961718
0.6203468126451137 0.00018079228635723354 0.3794723950685289
0.6203469365639029 0.0001804881487334804 0.37947257528736367
0.6203471403912753 0.00017994275530271956 0.3794729168534221
0.62043760770717 3.4547441982637135e-05 0.3795278448508474
0.6204567140813303 3.466870620323341e-06 0.3795398190480494
0.620417310836429 6.630676980224477e-05 0.37951638239376884
0.6204560233812041 4.0792879353275926e-06 0.3795398973308606
0.6203590149673517 0.00015926646924849797 0.3794817185633997
0.6203228064941969 0.00021805830659773652 0.37945913519920543
0.620375754880653 0.0001316208184825758 0.37949262430086433
0.6204342711155896 2.4575123465022085e-05 0.3795411537609455
0.6204200721857281 3.196656764811703e-05 0.37954796124662377
0.6204373244800729 1.706809980759531e-06 0.37956096870994627
0.6203919904901162 4.304417309089321e-05 0.37956496533679285
0.6204014813908895 4.883451129676696e-05 0.37954968409781376
0.6204313509799145 1.0250430826836016e-07 0.3795685465157771
0.6204339614273446 1.5841168776168263e-06 0.3795644544557777
0.6204297458646967 4.155316729814377e-07 0.37956983860363036
0.6204265962321718 8.67564641147537e-08 0.37957331701136415
0.620372538149753 3.7635776452735963e-05 0.3795898260737943
0.6203734113704958 4.3886874947167993e-05 0.37958270175455705
0.6204159118763892 6.583956311611388e-06 0.3795775041672992
0.6204253617772694 1.2010275321420431e-06 0.3795734371951985
0.6204088847774054 1.2174834610280552e-05 0.3795789403879844
0.6203963694393402 2.665106854685986e-05 0.3795769794921129
0.6203681404485676 7.206836180778873e-05 0.3795597911896247
0.6204119117554201 2.681790385793099e-06 0.3795854064541942
0.620392470747805 3.2182691697656554e-05 0.37957534656049724
0.6204056518369153 1.005996524773436e-05 0.379584288197837
0.6203538924369919 9.345593441494156e-05 0.3795526516285931
0.620389791503943 3.586310256254878e-05 0.3795743453934943
0.6203795513704049 5.234738972908478e-05 0.37956810123986595
0.6204073030412852 7.74312418259662e-06 0.37958495383453217
0.6203293820787771 0.0001333380730283911 0.3795372798481946
0.6203796232879316 5.234130275836555e-05 0.37956803540931
0.6204108886515077 1.8837252374124477e-06 0.37958722762325475
0.6203755682752681 5.878030692543625e-05 0.3795656514178064
0.6203580750557731 8.663107100887667e-05 0.37955529387321796
0.6203419400738766 0.00011223295652476007 0.3795458269695987
0.6204060966732005 2.298672019402886e-06 0.37959160465478
0.6203532880711387 8.786917576432353e-05 0.3795588427530969
0.6203931872315098 1.9606272620532047e-05 0.3795872064958696
0.6203776065188996 4.161180916957184e-05 0.37958078167193077
0.6203927135736943 2.939715978468841e-07 0.3796069924547078
0.6203910919465679 9.529635401195519e-07 0.3796079550898919
0.620388019175851 5.9216268588534485e-08 0.37961192160788043
0.6203879507291903 5.072368895621113e-08 0.37961199854712074
0.6203852489209309 1.4233778329788265e-06 0.3796133277012362
0.6203926590449803 1.078844891314077e-06 0.3796062621101283
0.6203889284919989 3.203682512667787e-09 0.37961106830431857
0.6203928895630626 6.526804299875705e-08 0.37960704516889443
0.6203954188512566 2.448314930340428e-10 0.37960458090391197
0.6203897204069423 1.9604865968407717e-11 0.3796102795734529
0.6203912042741905 6.77023672604689e-10 0.37960879504878586
0.6203912520608645 1.53825408498381e-10 0.37960874778531006
0.6203911596880339 6.394661739972676e-09 0.3796088339173043
0.620391182752951 2.780367847417238e-09 0.3796088144666811
0.6203911819677685 2.83695402330971e-09 0.37960881519527745
0.6203911104447837 1.6467748943427727e-08 0.3796088730874673
0.6203911493929358 1.6543553729241924e-08 0.37960883406351037
0.6203911569693965 6.085359717455808e-09 0.37960883694524383
0.6203911612409765 3.084872092396063e-09 0.37960883567415143
0.6203911613369231 3.0718523051694493e-09 0.37960883559122466
0.6203911624642603 1.252117751797084e-09 0.379608836283622
0.6203911630665634 2.7232744620255546e-10 0.3796088366611091
