inside membrane outside
0.9833062798952568 0.0 0.016693720104743185
0.9776042372383732 2.4227946958795073e-15 0.022395762761624593
0.9885269349021586 2.181790855502615e-16 0.011473065097841196
0.9733822336113654 2.6981474680152695e-12 0.026617766385936457
0.9775838837303009 6.547558547945045e-13 0.022416116269044307
0.9841795115305514 1.6850115390138976e-12 0.015820488467763683
0.9849280868129088 2.2447823651885412e-11 0.015071913164643453
0.9841795115176348 1.682357147478279e-11 0.01582048846554164
0.9775838837361783 2.90542824382261e-12 0.022416116260916413
0.9827365154624118 1.9504754216537577e-09 0.017263482587112775
0.9813941149665112 6.069056365218833e-11 0.018605884972798397
0.9813943340875977 5.670867325871377e-09 0.01860566024153513
0.981394579949211 8.42850420807096e-08 0.018605335765746953
0.9813940333564781 1.9580265535821915e-09 0.018605964685495212
0.9813961397631131 1.0489036603549276e-07 0.018603755346520815
0.9813952958709701 2.995222637697288e-07 0.01860440460676616
0.9813921345157555 3.6168639478634233e-06 0.018604248620296655
0.9813916562170968 3.7615200140234796e-06 0.018604582262889222
0.981395263624342 7.085631300074317e-07 0.018604027812527946
0.9813967642252782 1.4568270003720155e-07 0.01860309009202166
0.9813944047429219 2.2361019381513653e-06 0.01860335915513989
0.9813881960317522 9.0288903338914e-06 0.01860277507791396
0.9813967685796335 1.595312406275872e-07 0.018603071889125807
0.9813866678886102 1.1061053636715293e-05 0.01860227105775302
0.9813970496352494 5.09930841762678e-07 0.018602440433908827
0.9813968857084229 6.872187860795287e-07 0.01860242707279093
0.9813973871574585 1.9608856072767515e-07 0.018602416753980857
0.981390846859825 6.877751266881216e-06 0.018602275388908057
0.9813866866940159 1.1118414607175824e-05 0.01860219489137686
0.981395917096753 1.711171669658225e-06 0.01860237173157739
0.9813862685726954 1.1538147247962062e-05 0.018602193280056734
0.9813890851799105 8.663068072198143e-06 0.018602251752017285
0.9813862875093525 1.1506199460599307e-05 0.018602206291186803
0.9813961382596604 1.4620154913179477e-06 0.01860239972484828
0.981397255617796 3.519055650632548e-07 0.018602392476638942
0.9813971907479669 1.5608062938674623e-07 0.01860265317140364
0.9813941120022951 5.09145059318192e-06 0.01860079654711169
0.9813848662607387 2.7289041606516095e-07 0.018614860848845127
0.9813832784401683 2.0738337824445055e-07 0.018616514176453516
0.9813225820082105 1.2439783978956426e-06 0.018676174013391507
0.9813816470575125 6.935126307874618e-08 0.018618283591224322
0.9813917505518042 9.425447473828538e-08 0.018608155193721013
0.9812712869137439 3.4507161963482225e-09 0.018728709635539867
0.9811781540146602 9.341945357435513e-10 0.018821845051145116
0.9820954416881458 7.093470351732479e-09 0.01790455121838391
0.9818409144414234 2.7830856814979656e-07 0.018158807250008426
0.9809419457628186 2.589001797626282e-07 0.019057795337001634
0.9813182576634387 0.0013018899552413332 0.017379852381319966
0.9795853773308704 0.0010696729753946524 0.019344949693734948
0.981524230042655 0.00021013166064733706 0.018265638296697615
0.9832118281442342 4.51394526244466e-05 0.016743032403141428
0.981469785429125 0.00038228184177006933 0.018147932729104976
0.9819379867516819 0.00029986048696189723 0.017762152761356256
0.981635539108667 0.001809286267646065 0.016555174623686986
0.9825931118516202 0.000989832275190464 0.01641705587318943
0.9684835381497158 0.016497341520838222 0.015019120329446153
0.9655066852339461 0.020123910028681292 0.014369404737372665
0.9817583353230992 0.0033309981318871327 0.014910666545013548
0.9844950455656909 0.0004392128468711122 0.015065741587438017
0.9679679492529366 0.01845682128252273 0.013575229464540794
0.9604820492358254 0.026062780710009777 0.013455170054164873
0.9603400476276481 0.026228657114062335 0.013431295258289507
0.97512928525153 0.011250542684985472 0.01362017206348448
0.975037805219208 0.011345595064890277 0.013616599715901706
0.9659650869043168 0.020545286759997047 0.01348962633568605
0.9845372682462852 0.0017165953798298054 0.013746136373885
0.9839308383362106 0.0023296479625519524 0.013739513701237502
0.9595426406268306 0.027061310467008 0.01339604890616141
0.9726534723868842 0.013765658000974608 0.01358086961214119
0.9824588703782033 0.0038037332245036315 0.013737396397293026
0.9694050832095411 0.017024508046681087 0.013570408743777821
0.9797081797245013 0.006470026990829837 0.01382179328466881
0.9700643655244887 0.015887749327123193 0.01404788514838803
0.983376186620575 0.00017790758866171919 0.016445905790763188
0.9836514179787664 0.00042907553812617964 0.015919506483107422
0.9827720670533892 0.0010971343308964847 0.016130798615714356
0.9788762571688671 0.004478667799712516 0.01664507503142038
0.9838336561192598 0.00010261908928271231 0.016063724791457446
0.9830912078087347 7.707189352020437e-05 0.016831720297745132
0.9840965016540567 1.7317718429272887e-06 0.015901766574100418
0.9827993201868187 1.135689440585196e-06 0.017199544123740803
0.9825862106516161 6.902113327770513e-05 0.017344768215106245
0.9817281133422985 8.759688485711249e-05 0.018184289772844454
0.9831520567996345 5.295287455215299e-05 0.016794990325813313
0.982999198360355 3.787628049569861e-05 0.01696292535914941
0.9831280247083121 1.4841228875840824e-06 0.01687049116880029
0.9830762949953826 2.017280988612929e-08 0.01692368483180752
0.9831031848363417 1.7515767177477135e-09 0.016896813412081456
0.9830328878747537 7.511093070648267e-08 0.01696703701431553
0.9831393017354744 2.6742370201551024e-08 0.016860671522155393
0.9831393667952876 8.696199798601768e-08 0.016860546242714426
0.9831385170540499 1.1843949570432694e-09 0.01686148176155517
0.9831384159817846 1.1205691454605475e-09 0.016861582897646266
0.9831369087927706 4.342883761302123e-08 0.01686304777839186
0.9831390303336408 1.7630068610926495e-08 0.016860952036290632
0.9831389883753175 1.2177159576169212e-09 0.01686101040696656
0.9831389879425377 1.2436774054412718e-09 0.016861010813784782
0.9831388665643093 1.3939180406703494e-07 0.016860994043886798
0.9831389760695084 3.427632235669194e-08 0.016860989654169347
0.9831389055842386 1.0572186016786011e-07 0.016860988693901215
0.9831390007130998 9.310300983578961e-09 0.016860989976599253
0.9831389206220287 8.93157348513051e-08 0.01686099006223632
0.9831390040234703 5.126782525929431e-09 0.016860990849747192
0.9831389561626839 5.3524353337009416e-08 0.016860990312962697
0.983138989123625 1.7901637393145585e-08 0.016860992974737678
0.9831389759334482 3.730694226460849e-08 0.016860986759609498
0.9831390749270341 1.443874967450724e-09 0.016860923629090765
0.9831390063662268 1.9388482070874207e-08 0.01686097424529109
0.9831389390790559 8.30886131169188e-09 0.016861052612082785
0.9831389881173901 1.4429500793498013e-08 0.016860997453109053
0.9831389654359287 2.3296787083272137e-09 0.016861032234392708
0.9831411310116213 8.125063367754937e-08 0.016858787737744997
0.9831365701278273 5.436102092152948e-10 0.016863429328562485
0.9831678044417791 3.532372890929429e-09 0.016832192025847972
0.9831317870764299 1.4196000778930168e-07 0.0168680709635623
0.9831424469333876 3.8213162280765056e-08 0.01685751485345019
0.9831191656651712 6.283668758113233e-07 0.016880205967953033
0.9830948503314199 4.74947649302145e-08 0.01690510217381525
0.9832552290595902 1.2661527084502288e-05 0.01673210941332522
0.9832225238625156 1.2158925933007905e-06 0.016776260244890928
0.9829567693931358 1.8545536761732596e-06 0.017041376053188034
0.9831926575087966 4.155960175944834e-05 0.01676578288944401
0.9821586322727299 6.90087869563111e-05 0.017772358940313735
0.9798134853183406 0.0035990004997293176 0.016587514181930052
0.9771697533283669 0.0004339705786586904 0.022396276092974596
0.9724567867103854 0.0007229457242567752 0.026820267565357794
0.9833133693687657 0.001553310897364079 0.015133319733870238
0.9663352415070853 0.019985463659155173 0.013679294833759478
0.8858799544061986 0.09281566042356744 0.021304385170233853
0.953837180258659 0.02965893146859009 0.01650388827275079
0.9393770271600071 0.04418933885668268 0.01643363398331017
0.9820083179420959 0.0042151867654831076 0.013776495292421042
0.9278084042481894 0.05867898607322722 0.0135126096785833
0.293769069686099 0.6949552472999502 0.011275683013950778
0.17689665278213107 0.814350953643233 0.008752393574636098
0.04808492358541185 0.9458282440805516 0.00608683233403646
0.03266664497560815 0.9626908603725322 0.004642494651859801
0.024609261480267593 0.9705109347951351 0.004879803724597399
0.04119600840082047 0.9521786703799902 0.006625321219189339
0.6556085579645585 0.28721793081538755 0.057173511220053944
0.10820748752719195 0.8775006219295386 0.014291890543269464
0.002262910771782247 0.9963689142254687 0.0013681750027490956
0.0014897104521432556 0.9969349379809416 0.0015753515669152572
0.0013331779542820287 0.9970580355214037 0.001608786524314354
0.006538185873188046 0.985357564907197 0.008104249219614971
0.0027822320232826947 0.9938897410373013 0.0033280269394160046
0.0008794065229890142 0.9979812482019985 0.0011393452750124919
0.000987667195220614 0.9973957868570944 0.0016165459476849687
0.0016022415225727593 0.9950001171986281 0.003397641278799086
0.0038348386416791067 0.9878064571271855 0.008358704231135423
0.0013283116341785142 0.9932000065866623 0.005471681779159045
0.0063182333983200605 0.8898422389844796 0.10383952761720035
0.00343787328601734 0.9121943380354376 0.08436778867854508
0.0016748702329946244 0.9423511102123828 0.055974019554622445
0.0037268650194598302 0.7906563373242431 0.20561679765629698
0.007425393457096097 0.4982940310957621 0.4942805754471417
0.00731762364015136 0.4250311141227622 0.5676512622370864
0.0038577888818769625 0.5226486100348524 0.4734936010832706
0.009286913837686551 0.030894447858205883 0.9598186383041075
0.0063293780757539345 0.03455703343951603 0.95911358848473
0.006089772271657537 0.13783038008561171 0.8560798476427308
0.006252717340332941 0.1248938617208644 0.8688534209388026
0.008236149595108913 0.027538653444234604 0.9642251969606564
0.03812314229688273 0.007946617505729926 0.9539302401973874
0.02536140771713734 9.68146197574103e-06 0.9746289108208869
0.012725475660156318 0.0003370735178165091 0.9869374508220272
0.01859309309331517 0.0004552610486360752 0.9809516458580486
0.017445524113631747 1.7009959528809668e-05 0.9825374659268394
0.01588555175532128 0.00020124184595174426 0.9839132063987269
0.015018167264920787 3.4501022424889664e-05 0.9849473317126544
0.013783629726935469 8.68526670038906e-08 0.9862162834203975
0.01737003779688915 6.737087350612706e-08 0.9826298948322373
0.022787465520437367 1.0416244906358239e-08 0.9772125240633178
0.01760597297313426 2.9643309562591813e-06 0.9823910626959095
0.01651388690603309 3.0745992749792902e-06 0.983483038494692
0.0151660959815921 0.0001410977809495848 0.9846928062374584
0.017327766894954195 0.0007977076589183684 0.9818745254461274
0.021807483597278597 0.00012744509653239385 0.9780650713061889
0.015615239353042978 0.004279128180594384 0.9801056324663626
0.015616334643429661 0.005040521310990897 0.9793431440455794
0.016589140361820544 0.0028607099836000616 0.9805501496545793
0.01513957055625875 0.03247838807124221 0.952382041372499
0.018280326979677405 0.002208228390525308 0.9795114446297972
0.01403243973580321 0.7898828350861905 0.19608472517800624
0.00429838580297495 0.9861439106275889 0.009557703569436096
0.014183549388158067 0.958311841093396 0.027504609518446098
0.005917638783361173 0.9883406823220405 0.0057416788945982376
0.009028649899978645 0.9879536216559897 0.0030177284440317366
0.005203278652754124 0.9939856162867298 0.0008111050605161049
0.012896443257667905 0.9856848529964255 0.0014187037459065547
0.015168711017580173 0.983390842532558 0.0014404464498618402
0.008967816813767893 0.9902163749937253 0.0008158081925067063
0.012854659943625887 0.9859827474619508 0.0011625925944233554
0.0035209144041114617 0.9961610613738661 0.00031802422202253315
0.005166189569502492 0.9943671899855545 0.0004666204449429255
0.010717297927790274 0.9883153708473337 0.0009673312248759853
0.0052340024799813105 0.9942934678361972 0.00047252968382138213
0.01264118183626746 0.9862207677115444 0.0011380504521880585
0.014172369307768747 0.984568293631359 0.001259337060872126
0.00432625447518037 0.9953150152469944 0.0003587302778253004
0.00831745969555252 0.9912317988401915 0.0004507414642559765
0.8863799564670196 0.11077775155528709 0.002842291977693194
0.6781410799927718 0.31958243565586314 0.002276484351365103
0.7288497737151234 0.2676763250987226 0.0034739011861540385
0.6279028958346898 0.3685924497116957 0.0035046544536144414
0.30773329998468363 0.6910836936381788 0.0011830063771375782
0.9904206195095646 0.005551011646682671 0.00402836884375257
0.9970711651325644 5.561034354663453e-05 0.0028732245238887733
0.9939656168062279 0.0011488366926018674 0.004885546501170194
0.996003932492179 0.0004429176792456287 0.003553149828575431
0.9937910856829798 0.002131357816240551 0.004077556500779633
0.9931499050063052 0.00164024895739618 0.005209846036298598
0.9938057422550366 0.0002909805315338413 0.005903277213429494
0.9950406606997299 0.00016826618091547992 0.004791073119354647
0.9962902574252576 2.2119028866497734e-06 0.003707530671855793
0.9957755992115864 6.283140413843804e-05 0.004161569384275257
0.995328936032565 2.4777935188811673e-06 0.004668586173915991
0.995028149706546 7.000018075794515e-05 0.004901850112695989
0.9949206003233385 0.00017865247520328456 0.004900747201458248
0.9949730260760496 0.00012465423313600616 0.004902319690814417
0.9950631425489447 3.5608266165851426e-05 0.004901249184889354
0.9950975247601874 2.9494218121285686e-06 0.00489952581800029
0.9950351214019117 6.322479608674574e-05 0.004901653802001628
0.9949476867442241 0.00015116163645495216 0.00490115161932095
0.9949590140470745 0.00013946539584226806 0.004901520557083266
0.9950838707478938 1.0324349490936222e-06 0.004915096817157113
0.9950804608776193 1.325780432862653e-06 0.004918213341947899
0.9950743836639077 8.897594212201944e-06 0.004916718741879997
0.9950181190034265 5.821573711715158e-05 0.0049236652594562965
0.9950796114829263 9.097678315517641e-07 0.004919478749242121
0.9950553798350708 2.4870716202705466e-05 0.004919749448726444
0.9950781904290217 4.060109269050038e-06 0.004917749461709227
0.9950625414612041 1.7500360116498262e-05 0.004919958178679351
0.9950803474530817 2.0656244941586588e-08 0.004919631890673314
0.9950814894750611 1.18512849955257e-07 0.004918392012088966
0.9950820066569289 1.3783225034383751e-08 0.0049179795598461515
0.9950815646919698 1.400003516406112e-07 0.004918295307678578
0.9950831623836378 1.6228639433254807e-07 0.004916675329967974
0.9950810460626214 1.491707499606092e-06 0.0049174622298789545
0.9950805939625001 9.270422484584786e-07 0.004918478995251272
0.9950791353785807 2.589858479169472e-06 0.004918274762940063
0.9950735214710438 5.3750996788805665e-06 0.004921103429277305
0.995087951268452 9.15704367194089e-07 0.004911133027180839
0.9947352324096765 0.00035715902197229455 0.004907608568351288
0.9950289074845963 6.551402778333176e-05 0.004905578487620471
0.994983172258964 8.278107925874385e-05 0.004934046661777249
0.9948625409021817 0.00047273925908820165 0.004664719838730134
0.9960694847153788 0.00010793972166655549 0.0038225755629546342
0.9929269285722199 0.00021702665827266648 0.0068560447695075405
0.9956932340493746 0.00011859912448375456 0.004188166826141752
0.9932536355702206 1.0897412663725659e-05 0.006735467017115534
0.9863550870878068 0.006293497572803221 0.007351415339389835
0.9920329611218169 0.003222292401480261 0.004744746476702796
0.9976786995230663 0.0003274060363207913 0.0019938944406130174
0.9656171791003567 0.030568482075334937 0.0038143388243083616
0.9927001069420677 0.0006075827463640378 0.006692310311568297
0.1460225685772252 0.8519060847932912 0.0020713466294835937
0.1805324095508465 0.8180163014574467 0.001451288991706745
0.0411414556794416 0.9587087428863551 0.00014980143420336843
0.07237211368273715 0.9272067536072979 0.00042113270996487547
0.017872527647956014 0.982009820218731 0.00011765213331295406
0.006071672004962149 0.9938784767829134 4.9851212124335296e-05
0.024320672906958187 0.975018046733214 0.0006612803598278217
0.00030643239782531987 0.9996312110049378 6.235659723683816e-05
9.080836116832179e-05 0.9998305372095853 7.865442924642489e-05
2.481698083908894e-05 0.9999366751937875 3.850782537352158e-05
0.00011184858791802167 0.9993234328654107 0.000564718546671268
1.2733926902788902e-05 0.9998539789807296 0.00013328709236759746
7.027063757270041e-05 0.9988859000159698 0.0010438293464576976
8.999230839623993e-06 0.9999142122030482 7.678856611225467e-05
3.324619510086838e-05 0.9997902762259282 0.00017647757897105073
6.015680325240423e-06 0.9999593784769584 3.460584271642157e-05
4.780111516990611e-06 0.999980370013853 1.484987462997072e-05
4.716685183944609e-06 0.9999659792215685 2.930409324757243e-05
2.8136460668450573e-05 0.9988451739815036 0.001126689557827904
1.373971835240302e-05 0.9992820163767518 0.000704243904895711
4.1973430278408165e-05 0.9950761732344796 0.0048818533352421156
6.128940020927547e-05 0.9938262099050419 0.006112500694748863
8.841248679516999e-05 0.9700743869958608 0.029837200517344068
0.0007777819756327019 0.7356740022131868 0.2635482158111805
0.0018679760567171103 0.5974776108291419 0.400654413114141
0.004419933127819195 0.03454448527711033 0.9610355815950705
0.0013945336733940472 0.8212425025958705 0.17736296373073548
0.0016650299854129684 0.6046148475838464 0.39372012243074056
0.000888808030973951 0.8667801750671628 0.13233101690186336
0.0022034374679628607 0.6194016622782865 0.3783949002537507
0.0003954827593672076 0.9252098101146574 0.07439470712597533
4.7270305008991154e-05 0.9517349816750857 0.048217748019905214
1.8717805318988697e-05 0.9917259921365634 0.008255290058117457
1.8273528325458028e-05 0.9907053896417775 0.009276336829897083
5.649634088214933e-06 0.9989463767284414 0.0010479736374704631
4.861324269293216e-06 0.9993537130776466 0.00064142559808412
4.660815722835571e-07 0.9997884896792705 0.00021104423915729748
1.5277488271314273e-07 0.9999617662463323 3.80809787851685e-05
1.7695028182715564e-07 0.9999891158167729 1.0707232945179165e-05
2.9288303245837844e-07 0.9999914780404977 8.229076469774478e-06
4.3105062254213165e-07 0.9999886647017664 1.0904247611088347e-05
1.9753360263324994e-06 0.9999861639141666 1.1860749807004024e-05
5.593670638463723e-06 0.9999752444539959 1.9161875365588275e-05
1.7911107066752157e-05 0.9999517778127601 3.031108017325271e-05
0.0006543277234448856 0.9992867368451767 5.893543137849974e-05
0.01977616305439583 0.9797755381067623 0.0004482988388418924
0.008139882989025873 0.9916568195927961 0.00020329741817806457
0.13759514702697803 0.8614302557841205 0.0009745971889014645
0.485951521018803 0.5116450893356338 0.0024033896455632796
0.7231669007351972 0.27277188705142186 0.004061212213380969
0.981699625136524 0.015550783854703145 0.0027495910087728466
0.4956323332016397 0.5007053422723726 0.0036623245259876907
0.5760057123004672 0.4216037315648783 0.0023905561346544164
0.9869165533013169 0.010799905709792695 0.002283540988890362
0.800413313919873 0.1958458882677278 0.00374079781239917
0.9970641419042842 0.0006785359901218101 0.002257322105594013
0.9975689417805933 0.00016014485281573123 0.0022709133665910096
0.9937118437883675 0.0018016823778040786 0.004486473833828515
0.9950261582770907 0.00018601763490017328 0.004787824088009046
0.9953542864926691 2.3286953621605412e-05 0.004622426553709434
0.9953408968590829 2.237984512138515e-05 0.004636723295795648
0.9951012210576119 2.8256556617039266e-06 0.0048959532867264045
0.9953533234094724 5.47510600532504e-07 0.004646129079927188
0.995011788813907 3.094738256818447e-08 0.004988180238710544
0.9954890235921826 4.3393178865019286e-07 0.004510542476028718
0.9952451597482427 1.2361861605182617e-05 0.004742478390152078
0.9942707678714316 0.0008860045705736094 0.004843227557994753
0.9951071358768943 0.00011449772449805564 0.004778366398607667
0.9930588110674642 0.002117257309121298 0.00482393162341451
0.992288762380944 0.002873142487887648 0.004838095131168393
0.995046990138167 0.0001067541013130937 0.004846255760519866
0.9950452564585398 8.314097535145425e-05 0.004871602566108737
0.9868585606706465 0.008310756210985214 0.00483068311836834
0.9691359589060844 0.026095540203920825 0.004768500889994829
0.9905563891319661 0.004569972050977364 0.00487363881705661
0.9904535842270984 0.004671911911060054 0.004874503861841497
0.9674003121711197 0.02783710259038332 0.004762585238497064
0.9931580242083922 0.0019545276963655513 0.004887448095242293
0.9745576598782544 0.020644850907048998 0.004797489214696621
0.9574562090684878 0.03783001684594736 0.004713774085564843
0.9945300379296136 0.0005651996550257242 0.004904762415360659
0.9610119591144832 0.03424178970530235 0.004746251180214549
0.9804484945882667 0.01468992393368892 0.0048615814780444975
0.9897363806026213 0.005349507710396137 0.0049141116869825165
0.9821361835158144 0.012948021204350015 0.004915795279835614
0.9943546141523513 0.0006077779175145773 0.005037607930134158
0.969454364103846 0.025445440329314322 0.005100195566839701
0.9911634811988156 0.003442337523859433 0.00539418127732485
0.9776935540450085 0.01659343347841441 0.005713012476577064
0.9628990659016152 0.030428903792635065 0.0066720303057497005
0.9916064668990116 0.0004931593069580015 0.007900373794030444
0.9909843003061751 0.0013443569280722353 0.0076713427657524435
0.9693678099594664 0.02347083974778495 0.0071613502927486946
0.9821199136308272 0.00906175458399627 0.008818331785176681
0.9847868621500742 0.005027765635241164 0.010185372214684784
0.9762102362011 0.014294976766366319 0.009494787032533689
0.9857143159000694 1.9668894051713554e-05 0.014266015205878809
0.9832949560902897 3.0791613793706403e-06 0.016701964748330907
0.9821073805804218 0.00018459741318683224 0.017708022006391343
0.9859100782271359 2.6000979830597746e-06 0.014087321674880943
0.9843851312206287 6.323417039440099e-05 0.015551634608976947
0.9885627780487936 2.4586693655247927e-05 0.011412635257551202
0.9825586494301283 0.0021356421250840873 0.015305708444787746
0.9786156268618894 0.008731228244910799 0.012653144893199745
0.9652250344455466 0.012252733144035523 0.02252223241041778
0.9903455714675568 0.00019037624832167986 0.009464052284121541
0.9831002364969482 0.0041527092014528545 0.012747054301598752
0.9861969860999709 0.0019514395982060018 0.011851574301823086
0.8235146384509011 0.1627567503123487 0.01372861123675018
0.44791069610169726 0.5452148321804208 0.006874471717881925
0.7593044948737947 0.22950326347985744 0.011192241646347833
0.6448602607864707 0.3424899149062335 0.012649824307295691
0.05523945447705424 0.9430809566806182 0.0016795888423275635
0.00854254294012599 0.9908584233252012 0.0005990337346727363
0.03531266681007302 0.9631407590890627 0.0015465741008642102
0.005779760230013219 0.9940796511105877 0.00014058865939913553
0.002751464739179243 0.9971759807938264 7.255446699422607e-05
0.000597554815206099 0.9993823569347076 2.0088250086412087e-05
0.0003515021797553384 0.9996410399833595 7.457836885038987e-06
0.0008034776308140586 0.9991793575416293 1.716482755671998e-05
0.00011475783195244242 0.999878547536149 6.694631898549262e-06
0.0004362202148356968 0.9995007456293381 6.30341558262384e-05
0.00043483183603318945 0.9994551458995404 0.00011002226442644837
9.973778791147308e-05 0.9998623195442569 3.794266783167517e-05
0.000740349605369305 0.9981003573485425 0.0011592930460880822
0.0007410320464093967 0.9967619955571679 0.0024969723964226357
0.0001796793058980104 0.9982915540211731 0.0015287666729289382
0.00015479440256526333 0.9990303020764989 0.0008149035209358765
0.0002588790654864905 0.9970568120744827 0.0026843088600307955
0.00011614579860110589 0.9952795985418244 0.004604255659574563
0.0001856204803898069 0.9844923970636689 0.015321982455941324
0.00044225545654200506 0.9337223697942992 0.06583537474915886
0.0009728085364931199 0.8346473173908168 0.16437987407269009
0.0038747813003805497 0.7168940812893771 0.2792311374102424
0.005671437246608735 0.5834331890449136 0.41089537370847773
0.006385332943124276 0.25723758207545394 0.7363770849814218
0.038652259746645524 0.0015926738987224443 0.959755066354632
0.026406459869724057 1.7523048845403587e-05 0.9735760170814305
0.017453677443170695 4.9313113155256236e-05 0.9824970094436741
0.017364346911265992 0.000205674857796037 0.982429978230938
0.03902827140500741 0.0008575470158312917 0.9601141815791613
0.012122248738134136 0.007846049464269369 0.9800317017975965
0.013600102517232524 0.10328461464182738 0.8831152828409401
0.012650291332644807 0.1852017695545782 0.8021479391127769
0.011898939597892039 0.13508621527069978 0.8530148451314081
0.0062644209489086085 0.7269445882241123 0.26679099082697905
0.004771172445777988 0.6818372355846519 0.31339159196957017
0.013890350381165147 0.29664516933393803 0.6894644802848968
0.014051469114836963 0.3280751748474172 0.6578733560377458
0.005822365322718181 0.713922754893782 0.2802548797835
0.014300821533224515 0.3701760200709461 0.6155231583958294
0.005510619557738038 0.7392869269554304 0.2552024534868317
0.004272487124517339 0.7599328494608115 0.2357946634146713
0.01874938813675641 0.2136092247306752 0.7676413871325685
0.004997508125124446 0.8977716058096842 0.09723088606519141
0.004695690126824012 0.916973034006049 0.07833127586712696
0.007735654908772417 0.883600207812482 0.10866413727874552
0.03969849636404183 0.4745491810249342 0.485752322611024
0.04156874184202115 0.490120054225465 0.46831120393251385
0.005009709643728605 0.9409694493442321 0.054020841012039376
0.008732103724166603 0.9064756988674396 0.08479219740839374
0.005265520801153748 0.9424031770114489 0.05233130218739734
0.005979142991543297 0.9432915028569747 0.05072935415148204
0.05494952692272675 0.6138765132056322 0.33117395987164094
0.013827447635479453 0.9348885262721032 0.05128402609241734
0.036012215361982944 0.9069063817438051 0.05708140289421191
0.05528571659199636 0.8876993850721939 0.057014898335809826
0.35982063263350544 0.4520988680950925 0.18808049927140216
0.5247300135904001 0.34408802858020543 0.13118195782939454
0.4491379667932018 0.42773207867204216 0.12312995453475618
0.4384731144736039 0.4485994212889361 0.11292746423746006
0.7602889615560903 0.0217480631948564 0.21796297524905334
0.5081536039278912 0.3705475376906251 0.12129885838148365
0.4455092657276274 0.4802760430653073 0.07421469120706525
0.34816455627889603 0.5579431803082002 0.09389226341290371
0.5539036441778824 0.3227946647763771 0.12330169104574064
0.6465201046041034 0.21616449770223428 0.1373153976936623
0.8223423107390331 0.0327816360562541 0.14487605320471283
0.9169216825310973 0.002734030658363799 0.08034428681053901
0.8350101705128506 0.03285033151832112 0.13213949796882832
0.86841487178923 0.00317312725478217 0.1284120009559878
0.8658127237434646 3.834514504555521e-05 0.1341489311114898
0.887259521301552 0.0009614637673330098 0.11177901493111493
0.8656533006616065 0.00024760609690066825 0.1340990932414929
0.8713420921828373 2.1200387648096447e-05 0.12863670742951452
0.8716754856414327 3.694069675376205e-06 0.12832082028889194
0.8623098767490555 7.180646516108908e-08 0.13769005144447935
0.8729470220881416 9.295157390905971e-10 0.12705297698234277
0.8782976509578495 5.651452877346006e-10 0.12170234847700531
0.8752881241307446 8.490078005559258e-10 0.12471187502024751
0.8770192522140174 1.926546503633494e-10 0.1229807475933279
0.8756096723592564 3.71388739728963e-10 0.12439032726935494
0.8756242090644433 3.651563859324125e-11 0.12437579089904091
0.8756456369415065 1.6741348473960125e-10 0.12435436289107996
0.8756445394214641 2.0675858894029343e-08 0.12435543990267713
0.8756454421419945 1.11508573525025e-08 0.12435454670714818
0.8756426265619874 6.769574264282474e-08 0.1243573057422699
0.8756420094375493 1.2771106825488048e-07 0.12435786285138237
0.875642407859205 1.4457268352351563e-09 0.1243575906950682
0.8756452976267389 3.6737158901236003e-09 0.12435469869954517
0.8756431292445309 9.191135331260774e-08 0.12435677884411582
0.8756454027290537 1.7881872666964966e-08 0.12435457938907374
0.8756452577641683 1.141422237909216e-07 0.12435462809360784
0.8756183625647797 3.237579192776409e-05 0.12434926164329264
0.8756459285822067 8.587758876908836e-07 0.12435321264190562
0.8756170477692105 3.210764208224191e-05 0.12435084458870749
0.8756383564153909 1.0032800616260618e-05 0.1243516107839928
0.8756471270175277 1.973199157481613e-06 0.12435089978331483
0.8755576440982684 0.00010456929305083782 0.1243377866086808
0.8756398367937993 1.067046666731258e-05 0.12434949273953347
0.8756092713034109 4.5763155492984e-05 0.12434496554109617
0.8756085305966496 4.6608958804451367e-05 0.12434486044454608
0.8755437855316265 0.0001205483062262928 0.12433566616214717
0.8755759998388085 8.375865189595319e-05 0.12434024150929548
0.8755901570259268 6.75822288320881e-05 0.12434226074524105
0.8756477649708895 1.7891610107557634e-06 0.12435044586809972
0.875634859640613 1.6517302107563912e-05 0.1243486230572795
0.8756080763385506 4.709938474985767e-05 0.12434482427669957
0.8756347500051762 1.6285740504182665e-05 0.12434896425431964
0.8755519231072459 0.00011012885092628371 0.12433794804182785
0.8756379171418672 8.563939691879387e-06 0.12435351891844074
0.8755795463655843 7.16378492147377e-05 0.12434881578520092
0.8756357146561495 1.0042577782066587e-06 0.1243632810860723
0.8756304175520833 7.150554241985191e-06 0.12436243189367485
0.8755906364193423 4.451913188244671e-05 0.12436484444877524
0.8756283988762692 1.7273408184135954e-07 0.12437142838964901
0.8756277352858598 2.998472875475342e-09 0.12437226171566719
0.8756290520641699 8.39044850406431e-09 0.12437093954538168
0.8756267163223431 8.907089447092908e-10 0.12437328278694804
0.8756331904729706 2.6756778708246654e-09 0.12436680685135156
0.8756344284823108 5.988784687093078e-10 0.12436557091881072
0.8756331763220938 2.167317865717722e-08 0.1243668020047275
0.8756317287659714 1.9070630468497676e-08 0.12436825216339822
0.8756288741201782 4.943783538728505e-10 0.12437112538544347
0.8756284845762672 1.2572715138086355e-12 0.12437151542247564
0.8756294478551189 1.0366409016764395e-12 0.12437055214384449
0.8756294911513905 1.4118878067650753e-12 0.12437050884719761
0.8756294881836671 6.187276955990424e-14 0.12437051181627104
0.8756294906664642 3.8376025202680757e-14 0.12437050933349746
0.8756294888572981 1.4260495630401773e-12 0.12437051114127576
0.8756294917857096 4.500805498877742e-13 0.12437050821384027
0.8756294917731559 4.605791290894013e-13 0.12437050822638364
0.8756294941633752 1.9462371917784194e-13 0.12437050583643014
0.8756294915547108 5.99735709543669e-14 0.12437050844522932
0.8756294791547499 5.945356547840631e-14 0.12437052084519076
0.8756288003948054 8.293799749214814e-13 0.12437119960436531
0.875628912023944 2.5163944537158346e-14 0.1243710879760307
0.8756323817409827 5.661487986317919e-13 0.12436761825845102
0.8756294843555869 3.475028930734319e-10 0.12437051529691041
0.8756300230856362 2.558820256761306e-10 0.12436997665848187
0.8756285602824793 5.826324832271729e-10 0.12437143913488832
0.8756268460507168 1.0369928966188578e-10 0.1243731538455838
0.8756513447130674 9.7835538208419e-10 0.12434865430857721
0.8756671682086679 4.1451854414327874e-09 0.12433282764614662
0.8756644310862355 7.568583175553132e-08 0.12433549322793289
0.8750591800683493 6.635185710110157e-05 0.12487446807454974
0.8756908659456452 9.995071978995968e-06 0.12429913898237584
0.8755848912253689 2.2431920264366815e-05 0.12439267685436678
0.874737453039478 9.29729851380879e-05 0.1251695739753837
0.8738317750130414 3.4448454742863916e-06 0.12616478014148427
0.8828111517921547 1.6822418810177417e-06 0.1171871659659643
0.8775164660528354 0.0005620074118832552 0.1219215265352813
0.8838651165583418 0.0001224324349440898 0.11601245100671417
0.8466205872387561 0.0017381905378919345 0.15164122222335208
0.8855341140064354 0.000674281754691053 0.11379160423887344
0.8741442847283136 0.0050293280393453954 0.12082638723234101
0.853482943049184 0.00435687103766364 0.14216018591315235
0.8625284624547606 0.00011379605966470374 0.13735774148557467
0.865336276959498 0.0006975430992910414 0.13396617994121096
0.9149824103810571 0.001841974181417628 0.08317561543752536
0.659806986387375 0.29846231900779735 0.04173069460482754
0.6660700597400454 0.3196484927228026 0.014281447537151912
0.7366774797346358 0.25043716069152 0.012885359573844098
0.6601498311886751 0.3288959764705408 0.010954192340783937
0.87572669697942 0.10990294365041844 0.014370359370161625
0.8510851762936666 0.13501627974229533 0.013898543964037929
0.7003701200967722 0.28820153024009615 0.011428349663131731
0.6205244309715663 0.3693595096922733 0.010116059336160508
0.8489402829236534 0.13719253626905054 0.013867180807296117
0.9119366913624231 0.0731338833674097 0.014929425270167234
0.8489405439054996 0.1371104146682689 0.013949041426231367
0.9755622356546251 0.008044771810886751 0.016392992534488244
0.8677053937294668 0.11789797694129446 0.014396629329238738
0.9117704267244406 0.07305116968868486 0.015178403586874507
0.6463984950883283 0.3423243868167038 0.011277118094968036
0.6988740689363958 0.28915636281538193 0.011969568248222151
0.9453557854577544 0.03867691930469067 0.01596729523755473
0.8123214857747513 0.17376212245674477 0.013916391768504156
0.7019125188028387 0.284533633778091 0.013553847419070328
0.913579141085113 0.06871222920692675 0.017708629707960253
0.8819916950284257 0.10021212886055907 0.017796176111015197
0.683809551699503 0.3003137102828864 0.0158767380176105
0.8597417379116892 0.11125660201437039 0.029001660073940345
0.956173613668368 0.00458542977693085 0.03924095655470121
0.9664151494707722 0.0002792876562298699 0.03330556287299802
0.9609750362286722 0.0005560001434171271 0.038468963627910704
0.9667427104491352 0.008021746696306988 0.02523554285455776
0.959649658953205 0.020999471621690174 0.019350869425104843
0.9639538386718892 0.019352254340095538 0.016693906988015206
0.9488596775213296 0.035129457056207056 0.01601086542246318
0.9487947053898339 0.03530227025217695 0.01590302435798907
0.902706276837482 0.08208766454854732 0.015206058613970844
0.978862338607859 0.0051433727488363595 0.015994288643304683
0.959002347414592 0.02500302938196659 0.01599462320344148
0.9627503533847517 0.021242021385360445 0.016007625229887815
0.9229953096869761 0.06165187594228196 0.015352814370742086
0.922902711955517 0.0617559955588462 0.015341292485636843
0.9076506379897186 0.0772657400185311 0.015083621991750397
0.9545205445076399 0.029628762266839463 0.015850693225520598
0.9608257409729496 0.023214730931738117 0.01595952809531215
0.9811994714804365 0.0025131851706494835 0.01628734334891396
0.9775826194177913 0.006186802923090562 0.01623057765911816
0.9355286126221074 0.04894821068784706 0.015523176690045515
0.9143052661552831 0.07053127803590374 0.015163455808813097
0.9824931864836031 0.0013730101703108963 0.016133803346086075
0.9791374473850821 0.004807908258747396 0.016054644356170527
0.9738656680343433 0.010137287511848425 0.0159970444538082
0.9810074453771259 0.0029770392689432565 0.016015515353930837
0.968551447984227 0.015481470983431713 0.015967081032341193
0.9842194251473642 0.00020706909107809712 0.015573505761557657
0.983887407151856 6.022541207426641e-06 0.016106570306936657
0.9839449597299923 7.4393211126776e-05 0.015980647058880845
0.9834770802594156 0.0004873633101442217 0.01603555643044021
0.9835161688320136 0.0004482661390599777 0.0160355650289264
0.9836312424814054 0.00029683853037291763 0.016071918988221596
0.9838546539851271 6.07886485948004e-05 0.01608455736627821
0.9839271037590545 9.462825317929919e-06 0.016063433415627583
0.9839331131644959 7.56018793917683e-07 0.01606613081671016
0.9839629518709767 3.0313130289175322e-05 0.016006734998734087
0.9839613774738802 2.6866149521708765e-06 0.01603593591116747
0.9839634310073074 1.563851451567307e-06 0.016035005141241027
0.9839643158364603 1.0347886397968925e-08 0.0160356738156533
0.9839701470042912 8.448162266609212e-08 0.016029768514086124
0.983961807751178 5.207929914335242e-06 0.01603298431890757
0.9839693739300265 2.948854637725678e-07 0.016030331184509874
0.9839723650224179 1.1035378246183898e-06 0.016026531439757567
0.983958674468057 1.3786959310254428e-05 0.016027538572632748
0.9839513139386046 2.138543800704876e-05 0.01602730062338835
0.9839718284377844 4.790571918164537e-07 0.01602769250502388
0.9839627338460363 9.775281028468512e-06 0.016027490872935268
0.9839647491641897 7.753495183978993e-06 0.01602749734062624
0.9839690323926144 3.3801638174454595e-06 0.01602758744356824
0.9839552055744087 1.7430375758246523e-05 0.01602736404983298
0.9839690363528899 3.386120438724804e-06 0.0160275775266714
0.9839690370762952 3.3875049721116495e-06 0.01602757541873265
0.9839720832491236 2.9030407884218254e-07 0.01602762644679762
0.9839483382707034 2.4521345779798973e-05 0.016027140383516728
0.9839702632272719 2.1666681135143216e-06 0.016027570104614725
0.9839528646660026 2.0239872481139003e-05 0.016026895461516172
0.9839538122531671 1.861045494593717e-05 0.01602757729188687
0.9839688728445756 3.6304243598328472e-06 0.016027496731064586
0.9839659656158446 6.883543103628144e-06 0.016027150841051812
0.9839690566375948 3.4297942228733975e-06 0.01602751356818238
0.9839722885388469 1.385009260784689e-08 0.016027697611060498
0.9839721515737028 9.034171726023119e-09 0.016027839392125463
0.9839726472858921 1.1071698581050467e-07 0.016027241997122122
0.983973660879937 2.886622325608907e-08 0.016026310253839687
0.9839693849700741 5.019786014695933e-06 0.016025595243911107
0.9839725725123581 1.6526003236519194e-06 0.016025774887318333
0.983974544366579 1.5000363342066024e-07 0.016025305629787552
0.9839742858146789 3.4651758036593244e-07 0.01602536766774077
0.98397267330287 2.628899798826236e-06 0.016024697797331237
0.9839649190078293 1.0957617307962672e-05 0.016024123374862864
0.9839730564016247 2.7276765625475344e-06 0.01602421592181277
0.9839677693516187 7.932550972444407e-06 0.01602429809740873
0.9839741720913155 1.603094719567176e-06 0.016024224813964906
0.9839725385753391 3.235028325879492e-06 0.016024226396335096
0.9839725133335234 3.264522737901633e-06 0.01602422214373863
0.9839757409914904 3.079064823825829e-07 0.016023951102027197
0.9839751613988131 1.6902914105405312e-07 0.016024669572045756
0.9839715144329219 4.540355633718193e-06 0.0160239452114445
0.983975090605312 4.0485785942328005e-07 0.016024504536828646
0.9839675278943724 9.045408317148778e-06 0.01602342669731044
0.9839752032181275 1.1610850618133531e-06 0.01602363569681073
0.9839639631507123 9.814331291979258e-06 0.016026222517995767
0.9839740626474818 4.479723734956155e-06 0.016021457628783178
0.983974205574388 6.24041454783667e-07 0.016025170384157246
0.983975799564001 3.8732402592688415e-06 0.016020327195739745
0.9839720541143482 9.089382536791977e-06 0.016018856503115016
0.9839278721706415 9.156614124225245e-06 0.01606297121523429
0.9840042620497377 4.632472193064477e-06 0.015991105478069152
0.9839883131741196 1.8149767570515478e-07 0.01601150532820468
0.9839392474227887 3.089335777591038e-07 0.016060443643633415
0.9839975480729364 2.298041029796346e-07 0.016002222122960708
0.9839953826782749 4.246863086867768e-05 0.015962148690856277
0.9839792917405036 6.54828152599182e-05 0.015955225444236467
0.9838218085983736 5.887356607049902e-05 0.01611931783555569
0.98345826491655 6.363565142838535e-05 0.016478099432021567
0.9840218030360058 2.3741210999163175e-06 0.01597582284289425
0.984128713610322 1.2429604305148112e-05 0.01585885678537284
0.9836909730094308 0.0006160888505941023 0.015692938139974986
0.9834819038263979 0.0008390825899446666 0.01567901358365738
0.9842186951812302 0.00021884511736118559 0.015562459701408647
0.9837650564359792 0.0007250219843404189 0.015509921579680471
0.9833652119591269 0.0011522519948806353 0.015482536045992522
0.9844675948576994 3.2441502804993696e-05 0.015499963639495653
