inside membrane outside
0.05236928373166593 0.0 0.9476307162683342
0.06857183364893736 1.1109546868557595e-09 0.931428165240108
0.055880706767815126 8.518636543310957e-11 0.9441192931469984
0.04816766869129478 2.5880699494923868e-08 0.9518323054280057
0.05447314512908736 1.8920889735733136e-07 0.9455266656620154
0.0685080657395108 4.5404624659478824e-08 0.9314918888558645
0.05588065513293746 1.2766741820977527e-08 0.9441193321003208
0.055943051027575866 7.357250455394774e-08 0.9440568753999197
0.06857172864086364 1.3648806703861372e-07 0.9314281348710693
0.03031192672288345 4.2473234186600086e-07 0.9696876485447747
0.053035368365675274 3.1645888145198724e-07 0.9469643151754432
0.053035333208304704 5.593426810766905e-07 0.9469641074490143
0.053035332881785024 1.361484366130338e-08 0.9469646535033713
0.05303540247127278 1.9487615967654652e-07 0.9469644026525675
0.05303534557644433 8.502035884293503e-07 0.9469638042199673
0.0530353130925363 1.0891991134131217e-08 0.9469646760154726
0.053034416642996074 6.232216432239066e-07 0.9469649601353607
0.053036054932320595 1.8710749474392802e-07 0.9469637579601846
0.053037459954105255 4.972960658850157e-07 0.9469620427498288
0.05304194819272189 1.719586426156151e-08 0.9469580346114138
0.053034811370277664 1.2579446078581193e-06 0.9469639306851144
0.05302636865955719 8.700902371352944e-08 0.946973544331419
0.053030279286321355 1.639132296251317e-07 0.946969556800449
0.053039184227450346 1.2240870904041353e-07 0.9469606933638407
0.05304004016186927 5.389060104085747e-08 0.9469599059475297
0.053071209907790254 4.689543047602585e-08 0.9469287431967793
0.05303006149003427 6.960296422701028e-05 0.9469003355457387
0.0530181338949355 2.318415138797201e-05 0.9469586819536765
0.05301564237790634 7.061578129872079e-05 0.946913741840795
0.05303439602059813 7.737095278982384e-06 0.9469578668841229
0.053018870795677915 2.2171709778117966e-06 0.9469789120333443
0.05300525014957455 0.00011476495260626392 0.9468799848978191
0.05301802959690001 1.559116028736231e-05 0.9469663792428126
0.052980493435209476 0.00027621986504213153 0.9467432866997484
0.05300588443483269 2.2758556110255e-05 0.9469713570090571
0.05297975049470455 0.0004106071484497425 0.9466096423568457
0.052986243493981934 4.819007297871249e-05 0.9469655664330393
0.052973636342556606 0.0003880125993135366 0.9466383510581299
0.052980593740200935 0.00018016503039133117 0.9468392412294078
0.052986650079976445 9.379473038690371e-05 0.9469195551896367
0.05298972563713721 0.0001598315876233505 0.9468504427752394
0.052992888313369416 4.9830144062004366e-05 0.9469572815425686
0.05294666632151966 0.0006793709914330521 0.9463739626870473
0.05294400072907405 0.0007256044651732899 0.9463303948057527
0.05293121617311798 0.0009986229325925017 0.9460701608942895
0.052970282451969754 0.0002759775388560254 0.9467537400091742
0.052999949434537584 4.882630524275709e-05 0.9469512242602197
0.052998872417542635 6.131193200060969e-05 0.9469398156504567
0.05297977970933207 0.00026881337811828307 0.9467514069125497
0.05298063237794392 0.00038175621447117993 0.946637611407585
0.05298323674023361 0.0002556135154368672 0.9467611497443296
0.05304103362612248 1.4200914388255847e-05 0.9469447654594894
0.052999197028290014 0.00011567645158470455 0.9468851265201254
0.053008867898506534 0.00017329236034044316 0.946817839741153
0.05297395837547346 0.000588459249943949 0.9464375823745826
0.05297628952402253 0.0005839143602765968 0.9464397961157008
0.05311635973824845 1.404713722142452e-05 0.9468695931245301
0.05303109016203467 0.0005352520961233061 0.9464336577418421
0.05302408624482416 0.0004384022143719438 0.9465375115408039
0.05305991256934229 0.00019242928357813082 0.9467476581470796
0.05307196566110942 9.521612193411728e-05 0.9468328182169564
0.0533032163770313 4.013449397500686e-06 0.9466927701735712
0.0531840091073672 2.8477470745273246e-05 0.9467875134218875
0.05312349460418701 0.00011838727527213808 0.9467581181205409
0.05315852663850285 0.00013129417102223073 0.946710179190475
0.05335825146452157 1.378137569674331e-07 0.9466416107217215
0.053209362698133825 1.9750846345890724e-07 0.9467904397934027
0.05315212060259728 8.054555905303761e-07 0.9468470739418121
0.05331545858471931 2.8630613826388484e-08 0.9466845127846669
0.053165944758440324 1.403571014153219e-06 0.9468326516705455
0.05327173386400295 2.5150497119036114e-08 0.9467282409854999
0.053186631493589785 1.004801781758496e-06 0.9468123637046285
0.05318505613745862 3.543579036983932e-07 0.9468145895046376
0.0531852605527276 3.371194183818366e-07 0.9468144023278541
0.05319441918873856 1.172474642621124e-06 0.9468044083366188
0.05319430178418935 7.61384858565058e-09 0.9468056906019621
0.05319442559911623 3.245236815378531e-08 0.9468055419485156
0.053194466186918796 1.718875355650613e-07 0.9468053619255457
0.05319432128810043 1.9920262055160178e-09 0.9468056767198734
0.053194596971102466 8.86239925879194e-08 0.9468053144049049
0.0531929063843992 1.853727090458204e-09 0.9468070917618737
0.053245294219787236 1.986795663825248e-11 0.9467547057603448
0.053172011521149226 3.4845976652336827e-12 0.9468279884753662
0.053270566087922314 3.2422610231361484e-11 0.9467294338796551
0.05320084337447251 3.4927869112995525e-10 0.9467991562762488
0.05317119823025358 1.9882616599550404e-10 0.9468288015709203
0.053271429361185 5.982339635291325e-09 0.9467285646564754
0.05320072017558449 1.664395885462719e-08 0.9467992631804567
0.05320005033111889 3.595175625324525e-07 0.9467995901513185
0.05317778179686376 2.6846930813812013e-06 0.9468195335100549
0.05317594323809722 2.255598012221587e-07 0.9468238312021016
0.0531311447037518 0.00014236998237007016 0.9467264853138783
0.0531375255468864 2.8125051091566886e-05 0.946834349402022
0.0531360027311676 2.8632055408951742e-05 0.9468353652134235
0.05312782874324462 0.00016558031061319223 0.9467065909461423
0.05312686782415766 0.00018415664329699376 0.9466889755325453
0.05313414185880099 5.0961218994009174e-05 0.9468148969222049
0.0531332494705655 8.315576246056447e-05 0.9467835947669739
0.053127527193871225 0.00015724938707934564 0.9467152234190495
0.05313236045985534 6.148177386480237e-05 0.9468061577662799
0.05313438533292071 5.198761576713095e-05 0.9468136270513121
0.05313414310111808 3.0637539755566127e-06 0.9468627931449064
0.053128603096491867 6.577481495882132e-05 0.9468056220885492
0.05312870182098707 8.892269446924359e-05 0.9467823754845436
0.05312856932307394 8.844713456374837e-05 0.9467829835423622
0.05313996491000258 1.3790730046077439e-05 0.9468462443599514
0.053115832599913614 2.564015412149312e-05 0.946858527245965
0.05311862803726445 0.00012981569201977138 0.9467515562707157
0.053118594280769336 0.00012483052374957852 0.9467565751954811
0.053165517397376 4.922729354661768e-07 0.9468339903296886
0.05317935551811355 1.4859138159304831e-06 0.9468191585680706
0.05312088195494745 4.755936344904846e-07 0.9468786424514181
0.05309098310468646 0.00013209338592816961 0.9467769235093854
0.053092992628917125 1.2000878937706363e-05 0.9468950064921451
0.053087034813876444 0.00011895941329654884 0.9467940057728269
0.05309234222244797 2.090420671385496e-05 0.9468867535708382
0.05308464237614607 0.00013078300277158703 0.9467845746210823
0.053084878659656956 0.00012682216379084302 0.9467882991765523
0.053086689055537456 0.00012351527257389625 0.9467897956718886
0.05309159628706049 2.4462634613541327e-05 0.9468839410783261
0.05309160213842808 2.445186489758323e-05 0.9468839459966744
0.053083300504896444 0.00018082460680380404 0.9467358748882998
0.05309036931001704 4.7977510048765564e-05 0.9468616531799342
0.05309049018568537 4.5789025021478906e-05 0.9468637207892932
0.053090545038906846 4.503769448124951e-05 0.9468644172666119
0.053091154524196264 3.8267902684111464e-05 0.9468705775731195
0.053087620125939386 0.00010925696086872218 0.9468031229131918
0.05309254812702677 1.5203397640055093e-05 0.9468922484753332
0.053094167791116524 1.3802849365234288e-06 0.9469044519239469
0.05310129367646169 1.9771401756430965e-06 0.9468967291833627
0.05310234227916273 2.4200409604328196e-07 0.9468974157167412
0.05309543896735212 1.9280361636960978e-08 0.9469045417522862
0.053094589678773424 3.947784942527834e-09 0.9469054063734416
0.05309389498150839 1.7291154346452223e-07 0.9469059321069482
0.05309568618206738 1.9571750741646108e-07 0.9469041181004251
0.05310210824093995 1.1987682907781838e-08 0.9468978797713771
0.053095695227670214 1.5595265409947138e-07 0.9469041488196758
0.0530983657194474 8.847481100188451e-08 0.9469015458057415
0.05309591138407514 2.3646904811085785e-09 0.9469040862512343
0.05309594650798524 1.9017862970267739e-07 0.9469038633133849
0.05309602111808088 2.234737840064284e-09 0.9469039766471813
0.05309602637787792 1.5620074711652072e-08 0.9469039580020474
0.05309602732130357 2.558921848660578e-09 0.9469039701197746
0.053096022888409575 5.664550542124783e-08 0.946903920466085
0.053095970559683604 2.6252311379482052e-08 0.946904003188005
0.05309696075950519 1.0496003903432436e-07 0.9469029342804558
0.053095900614296324 7.312033943197945e-08 0.9469040262653643
0.053096703196696175 1.2106408843852564e-07 0.9469031757392155
0.05309598700323112 1.5548795068145444e-07 0.9469038575088183
0.05309508986863206 2.229613262345924e-08 0.9469048878352353
0.053094910272368664 2.3475719298458083e-09 0.9469050873800594
0.053094388381346704 2.2363877651406812e-08 0.9469055892547756
0.05309365925309674 8.512808317599379e-10 0.9469063398956225
0.05310474141092075 1.179412761883871e-08 0.9468952467949516
0.05310426765575782 9.119403780883375e-08 0.9468956411502044
0.05310347557602496 2.4476094518404566e-07 0.9468962796630299
0.05309302358368194 4.928211817076973e-06 0.946902048204501
0.05309468638247819 3.3164496260182514e-07 0.9469049819725591
0.05309125570646173 1.0541459580755931e-05 0.9468982028339575
0.05309061822249968 1.180268792297721e-05 0.9468975790895774
0.0530932246464058 8.339034813026242e-06 0.9468984363187812
0.05308993120578958 5.4664956961329805e-06 0.9469046022985144
0.05308889903278007 1.7940425329629174e-05 0.9468931605418903
0.053088297669027264 1.969314420411858e-05 0.9468920091867686
0.053089865458624166 5.093739483573188e-07 0.9469096251674274
0.0530889374499134 2.278483091550885e-06 0.9469087840669951
0.053088475906547736 1.1293117400038625e-05 0.9469002309760521
0.05308915216418628 4.7652560082389245e-07 0.9469103713102128
0.05308780361408276 2.2598122152017616e-05 0.9468895982637653
0.05308778750560673 2.2804845803709796e-05 0.9468894076485895
0.053087788417635035 2.278430630128362e-05 0.9468894272760637
0.05308785014445359 2.225921273990169e-05 0.9468898906428065
0.05308913561055875 4.920299821548524e-07 0.946910372359459
0.05308910089337744 5.059207247700713e-07 0.9469103931858979
0.05308811498403439 1.9948480211435096e-05 0.9468919365357541
0.053088930258661585 6.869215583110375e-06 0.9469042005257553
0.05308823345876696 1.820247865402279e-05 0.9468935640625791
0.053089166606822 3.845311711617387e-07 0.9469104488620068
0.05308835224250797 1.3854211945948278e-05 0.946897793545546
0.0530891700457155 4.0533265446916163e-07 0.94691042462163
0.053088548925003934 1.1916018441804411e-05 0.9468995350565542
0.05308860951651298 1.0461617093801492e-05 0.9469009288663932
0.053088744288929506 7.837511658801724e-06 0.9469034181994117
0.05309286826281273 1.6927762456861105e-07 0.9469069624595626
0.05309064594739232 1.6195505299281118e-07 0.9469091920975548
0.05308612884943605 5.0283200663138374e-08 0.9469138208673633
0.05308472294090908 2.8201855548232174e-06 0.9469124568735361
0.05308459254795685 2.755025738077606e-06 0.9469126524263051
0.0530921854922327 3.1909190327942394e-07 0.946907495415864
0.05308996491260601 2.4626473637190966e-06 0.9469075724400302
0.0530815678450041 1.7316537637388583e-06 0.9469167005012322
0.05312196134114062 3.5793104893960143e-09 0.9468780350795488
0.05312210410932776 2.1626808704205127e-09 0.9468778937279914
0.053074954085831225 1.638556501332221e-07 0.9469248820585185
0.05307626645756878 9.515984384888833e-06 0.9469142175580464
0.05310277039579316 4.123378428822109e-06 0.946893106225778
0.05306526535724504 5.519478450753148e-05 0.9468795398582475
0.05309159288771442 5.452352482831091e-06 0.9469029547598027
0.05306798018862368 1.1220947243983852e-05 0.9469207988641323
0.053057441421807315 3.222126958737516e-05 0.9469103373086053
0.053055205312272175 3.5922282890273495e-05 0.9469088724048376
0.053051767197019206 9.319968313415744e-05 0.9468550331198468
0.05304984920437026 0.00012753793678683362 0.946822612858843
0.053053094762922935 6.622220246559402e-05 0.9468806830346115
0.0530537354082945 5.3961445305775836e-05 0.9468923031463997
0.053054902186409084 3.195006335930268e-05 0.9469131477502316
0.0530562202293156 7.099785167460583e-06 0.946936679985517
0.05304935064298281 0.00013656975457463036 0.9468140796024427
0.0530499230718161 0.0001257109708136428 0.9468243659573702
0.0530564676376 2.284991402716475e-06 0.9469412473709973
0.05305470005777405 3.520690476372853e-05 0.9469100930374623
0.05305200864964725 8.402776503431979e-05 0.9468639635853183
0.05305495538207687 2.8798975538234552e-05 0.9469162456423849
0.053057043614784645 9.472817877444132e-07 0.9469420091034276
0.05305614139727635 7.787530674496695e-06 0.9469360710720491
0.05305393569450287 4.893330672543079e-05 0.9468971309987717
0.05305630465453737 8.031488099928715e-06 0.9469356638573627
0.05305683164593692 5.009290331850711e-07 0.94694266742503
0.053059106050767656 8.807978006194047e-07 0.9469400131514317
0.053055398137130685 9.832183580120598e-06 0.9469347696792891
0.05305615587331958 1.2660566032695711e-05 0.9469311835606476
0.05305690879409677 1.740651679047061e-06 0.9469413505542241
0.05305578747033104 3.901781404012019e-06 0.946940310748265
0.053057460183759036 4.554153172451021e-08 0.9469424942747092
0.053056844775253104 1.3690518236012406e-09 0.946943153855695
0.05305672836933916 5.75602594614809e-09 0.9469432658746348
0.05305810483680572 3.689615523134999e-09 0.9469418914735788
0.05305767951712678 7.12265487870965e-11 0.9469423204116467
0.05305713963132504 2.460084321958371e-09 0.9469428579085906
0.053057278690901946 3.161733309190394e-10 0.9469427209929246
0.05305714176198348 3.589255014432606e-11 0.946942858202124
0.05305719726542711 2.529423500858471e-09 0.9469428002051494
0.053057251556304294 1.9472231446608697e-10 0.9469427482489734
0.05305727210815162 8.278727701433287e-10 0.9469427270639756
0.0530572185165357 1.1416530267970859e-11 0.9469427814720477
0.05305720565646601 1.0656758322312878e-11 0.9469427943328772
0.053057206649898145 5.950263145152192e-10 0.9469427927550755
0.05305720623629376 1.1101381442886037e-11 0.9469427937526048
0.05305720641923319 5.508986592149232e-10 0.9469427930298681
0.05305720559786413 2.9719242840218133e-10 0.9469427941049434
0.05305720529229072 3.486330610796643e-11 0.9469427946728459
0.053057239785402124 2.367162832592063e-12 0.9469427602122307
0.053057267046065636 5.808822939327547e-12 0.9469427329481256
0.05305711851405958 2.4225968924814544e-13 0.9469428814856982
0.05305726950288574 1.7975891224552561e-12 0.9469427304953166
0.05305714588216133 6.593970551194694e-12 0.9469428541112447
0.05305716669432594 3.163783208252858e-12 0.9469428333025103
0.05305752109448652 1.0328552371478982e-10 0.9469424788022279
0.05305714872423739 2.8677989145393632e-08 0.9469428225977734
0.05305727117144074 4.593738408573146e-09 0.9469427242348207
0.05305716214573269 2.7832887393238464e-09 0.9469428350709785
0.05305745774954569 7.722076625072507e-09 0.9469425345283777
0.053056786908800786 4.8366236732772595e-06 0.9469383764675259
0.05305641454326139 1.1490125175201869e-05 0.9469320953315634
0.05305696959628596 1.0639943975702048e-06 0.9469419664093164
0.05305657881814418 8.066931216198946e-06 0.9469353542506397
0.05305698968161496 3.076139908183476e-07 0.9469427027043943
0.053056486353915897 9.783126819519351e-06 0.9469337305192647
0.05305670993060835 5.569189292373346e-06 0.9469377208800993
0.053056995185004084 1.9276915434923587e-07 0.9469428120458415
0.053056903363609804 1.923355358744598e-06 0.9469411732810314
0.05305647982466965 9.906087529692463e-06 0.9469336140878007
0.05305697175799948 6.343068520572495e-07 0.9469423939351485
0.05305694362646936 1.1645189821856947e-06 0.9469418918545484
0.05305647988462902 9.904967303843795e-06 0.9469336151480672
0.05305675629743096 4.695332019745909e-06 0.9469385483705492
0.053056458746456404 1.0305086625501869e-05 0.9469332361669182
0.05305694336748671 1.4541512740839808e-06 0.9469416024812392
0.05305652007555611 9.490051718564695e-06 0.9469339898727254
0.05305650890253601 1.0091743011449488e-05 0.9469333993544525
0.05306383867032861 1.0757250255315619e-07 0.9469360537571688
0.053059522355799305 1.4050225022453406e-09 0.9469404762391782
0.053059534860867855 1.3392456390302536e-10 0.9469404650052076
0.05305950880441946 4.912345113367694e-09 0.9469404862832355
0.05306465969986062 1.9231926947885692e-10 0.9469353401078201
0.053063301841097574 8.081266862361622e-12 0.9469366981508212
0.053064660477074796 1.9593468067622592e-11 0.9469353395033318
0.053059257829111625 6.114860947584002e-11 0.9469407421097398
0.053059549045845714 2.9257165048864024e-11 0.9469404509248971
0.053064590358155105 6.724887745107239e-13 0.9469354096411724
0.053060140504795975 2.1275154984114897e-14 0.9469398594951828
0.05306027416151464 6.302356262070715e-16 0.9469397258384847
0.05306028071353921 3.2303169575233915e-16 0.9469397192864605
0.0530602824134498 3.994315369823037e-16 0.9469397175865498
0.05306028128031854 4.343345377996905e-14 0.9469397187196381
0.053060281357795766 1.6406932677190805e-15 0.9469397186422026
0.053060281376240116 4.289000437680023e-14 0.9469397186237171
0.0530602812793776 4.359652882356958e-14 0.9469397187205788
0.05306028133565735 3.2024720530661905e-15 0.9469397186643395
0.05306028129310506 9.777581740997663e-15 0.9469397187068852
0.05306028128534708 1.775379596480836e-14 0.9469397187146352
0.0530602812830171 1.1326856213885748e-14 0.9469397187169716
0.05306028128268796 2.43342160697119e-14 0.9469397187172877
0.05306028128049753 1.2365574401033534e-11 0.9469397187071369
0.05306028128282605 2.0952967490457885e-12 0.9469397187150788
0.05306028128361248 2.199169691535124e-12 0.9469397187141884
0.053060281260375576 7.234908798297049e-12 0.9469397187323895
0.053060283898168914 1.2766022553027804e-12 0.9469397161005544
0.05306028036139348 2.871268133818777e-13 0.9469397196383194
0.053060267121196436 3.3949687769168356e-13 0.946939732878464
0.053060295791632274 6.068942361453409e-12 0.9469397042022988
0.05306052210565046 1.4080890206670346e-11 0.9469394778802687
0.05306016046765799 3.221626387885811e-11 0.9469398395001257
0.05305094855621989 6.036597317168852e-13 0.9469490514431765
0.0530561280460466 3.066120398334699e-11 0.9469438719232921
0.053309930811003554 2.7628047922161346e-12 0.9466900691862338
0.0529205061171206 1.9741607990772266e-11 0.9470794938631378
0.052904084856372886 1.28468371100036e-09 0.9470959138589434
0.05737953766826199 4.765582838186639e-10 0.9426204618551798
0.051125975430959245 2.6010990579170385e-07 0.948873764459135
0.06287018650237684 1.341021706220626e-08 0.9371298000874061
0.05033342475649335 9.326821433179161e-08 0.9496664819752924
0.058153332721851164 3.528697327337141e-05 0.9418113803048754
0.0528755983272963 0.0002274922454686297 0.9468969094272351
0.06855856817722013 6.8293113556156276e-06 0.9314346025114243
0.051440751644657556 0.0008098571040265545 0.9477493912513159
0.0552298655161582 0.0005865875154273871 0.9441835469684143
0.07659197009739034 0.00031158881702281844 0.9230964410855867
0.044837739506584505 0.004111688338246415 0.951050572155169
0.043717902625604266 0.018399511776141936 0.9378825855982538
0.05139598265638594 0.0014525655245340408 0.9471514518190799
