inside membrane outside
0.7904452696320512 0.0 0.20955473036794878
0.7714386004290461 2.2373387994898545e-08 0.2285613771975659
0.7751835848538945 5.4573805516964194e-09 0.22481640968872502
0.771438372948075 4.10298575734542e-07 0.22856121675334914
0.775183662958948 9.562908035035541e-08 0.22481624141197162
0.8336197663353418 3.609989651465356e-08 0.16638019756476166
0.6964447194767934 1.1284750492480004e-07 0.3035551676757017
0.7904452213512372 1.7656673374426798e-07 0.20955460208202906
0.857948784413768 5.2545878123675064e-09 0.1420512103316441
0.7810109035324606 8.320644624644503e-07 0.21898826440307706
0.792487292627447 6.31941561812616e-08 0.20751264417839682
0.7924872315868412 1.4029898961123043e-07 0.20751262811416923
0.7924865915857543 9.476898430884253e-07 0.20751246072440266
0.7924873292749856 1.7878097595501326e-08 0.20751265284691686
0.7924871167417482 2.865649417308053e-07 0.2075125966933102
0.7924872300916256 1.435984107493734e-07 0.2075126263099636
0.792487332423948 1.4604267754013371e-08 0.20751265297178423
0.7924865504785596 1.001127382731297e-06 0.20751244839405752
0.7924872262524478 1.4807893607856307e-07 0.2075126256686162
0.7924867314966644 7.649504095876801e-07 0.20751250355292608
0.7924866281484328 7.438030516410787e-07 0.20751262804851542
0.7924866917113932 6.974190851216045e-07 0.2075126108695217
0.7924872727626733 4.8502367947530496e-08 0.2075126787349587
0.7924872951698283 7.713559854967694e-08 0.20751262769457315
0.7924873597006284 1.4529813693543413e-09 0.20751263884639018
0.7924875840396908 1.919203765194428e-09 0.20751241404110554
0.7924873875266116 3.263819081096234e-09 0.2075126092095693
0.7924879455591308 2.2680547404992495e-10 0.20751205421406355
0.7924885709860422 6.383450500086707e-10 0.20751142837561265
0.7924887990758984 3.6097327998452297e-09 0.20751119731436887
0.7924872444445668 1.3137268183232626e-06 0.20751144182861506
0.7924912462629535 3.333886266043942e-07 0.20750842034842001
0.7924579361397389 2.6634645262191328e-06 0.20753940039573482
0.7924261638457566 3.112720290335084e-06 0.20757072343395316
0.7924566682731425 9.776704817193111e-08 0.2075432339598092
0.7924833914835212 3.9478628658490323e-07 0.20751621373019216
0.7925683718844184 5.7735461894845516e-06 0.20742585456939222
0.7924977651238291 1.3645461542969561e-06 0.20750087033001666
0.792478887168051 4.925410716960476e-06 0.20751618742123198
0.7924995827815153 2.9712337318575604e-06 0.20749744598475278
0.7917584353673581 1.84305996620983e-05 0.2082231340329798
0.7923677864812128 5.512372921258101e-07 0.207631662281495
0.7925672306038657 8.35946326849925e-05 0.20734917476344922
0.7925163926484079 0.00038732875429055514 0.20709627859730162
0.793006739411322 4.145728578161792e-05 0.20695180330289625
0.7908956735159857 0.0029945647178352434 0.20610976176617915
0.7913379447806829 0.002448534921157343 0.20621352029815967
0.7921146389418452 0.0015705584206855813 0.2063148026374692
0.7913199353913156 0.0025815330616526097 0.20609853154703175
0.7914454648693542 0.002424097809243194 0.20613043732140263
0.7925014384457195 0.0010936029069826575 0.20640495864729777
0.7930990816675857 0.0003402956755526958 0.20656062265686156
0.7929328092572122 0.0005498760857634929 0.2065173146570244
0.7924909581909252 0.0011067895171066192 0.2064022522919683
0.7929329654496865 0.0005497033944115056 0.20651733115590196
0.7924923237411586 0.001105087179972891 0.2064025890788686
0.7933202932096808 6.23944838094407e-05 0.20661731230650987
0.7926751120390575 0.0008753427872607208 0.20644954517368175
0.7926810953097541 0.0008679335862240034 0.20645097110402205
0.7910847023700986 0.0028796986726658067 0.20603559895723556
0.7910395262513548 0.0029379160887209213 0.2060225576599243
0.7930272608777746 0.0004671658884305718 0.20650557323379476
0.7932541341759745 0.00024487780712129906 0.20650098801690425
0.7914149394344219 0.0024996401606912216 0.20608542040488695
0.793137328725921 0.00037459122198166923 0.2064880800520973
0.7934909251838881 0.00010397873438385155 0.20640509608172805
0.7938967138510548 2.0233075783537154e-06 0.20610126284136687
0.7935463844091423 6.46539401407656e-07 0.20645296905145635
0.7936232619546538 7.432514903387392e-08 0.20637666372019714
0.7934956580409948 8.327913890173578e-09 0.2065043336310914
0.7938065530779141 6.147754372511769e-11 0.20619344686060834
0.7935528091425486 1.2362106221068465e-10 0.20644719073383044
0.7935546064380588 1.406535719426477e-10 0.20644539342128765
0.7937734589199342 1.6127237074443206e-11 0.20622654106393856
0.7936140622439086 2.4062806564039836e-10 0.20638593751546327
0.7936042141154745 1.1711769559324607e-09 0.20639578471334846
0.7935978231940827 1.559432525145264e-09 0.20640217524648471
0.7935982275222832 1.4085062454655215e-10 0.20640177233686618
0.7935983220319809 7.617573561393605e-09 0.2064016703504455
0.793598321853063 5.974494220954627e-09 0.20640167217244287
0.7935983215354351 8.763248489712279e-09 0.2064016697013165
0.7935983280364941 5.881741182637792e-10 0.20640167137533175
0.7935983283559424 1.3386528107325026e-10 0.20640167151019245
0.7935983285783712 1.322846524674139e-10 0.2064016712893441
0.7935983235059096 6.438867630925638e-09 0.2064016700552228
0.7935983260137273 3.6562088281654988e-09 0.2064016703300639
0.7935983277795394 1.935631093791354e-09 0.20640167028482942
0.7935983284607413 1.2993204900011193e-09 0.2064016702399382
0.7935983274329357 3.4310333031405555e-09 0.20640166913603097
0.79359833589973 1.3044001610045204e-10 0.20640166396983017
0.7935983048006177 6.120330679011557e-09 0.2064016890790516
0.7935983063066875 1.3410746849379284e-10 0.20640169355920499
0.7935984470027799 1.2581623244328367e-10 0.20640155287140388
0.7935984430517142 5.63652669398644e-09 0.20640155131175925
0.7935983945940577 1.2382865266651503e-09 0.20640160416765568
0.7935983971487459 1.6274241940544318e-09 0.20640160122382983
0.7935980227110403 2.5142379713549852e-08 0.20640195214657991
0.7935984521837807 3.463160943055763e-08 0.2064015131846098
0.7935986995493582 1.5847209348590679e-09 0.2064012988659207
0.7935985179579529 8.855733858325117e-09 0.20640147318631322
0.7935987303669373 6.736876743298687e-09 0.20640126289618596
0.7935984999160552 1.286717036758681e-08 0.2064014872167744
0.7935985687893414 2.2663176177567203e-07 0.20640120457889682
0.7935970770399268 2.7431714545769055e-06 0.20640017978861863
0.793595938664062 4.409286155221727e-06 0.20639965204978283
0.7935984231872459 1.313715460842049e-06 0.20640026309729323
0.7935989210587915 6.933170738872206e-07 0.2064003856241346
0.7935967871995978 3.3816125691391782e-06 0.2063998311878331
0.793598499927958 1.2291051257810697e-06 0.2064002709669164
0.7935965871706908 3.642503231794685e-06 0.2063997703260773
0.7935994104207333 7.419603278716858e-08 0.20640051538323384
0.7935994407676951 7.158392189255133e-08 0.2064004876483832
0.7935985181689653 1.2328105227729412e-06 0.2064002490205119
0.7935966356816464 3.660200687416418e-06 0.2063997041176662
0.793599563784966 7.347029614811001e-08 0.2064003627447377
0.7935939873147455 4.872655017882587e-06 0.20640114003023657
0.7935995831335977 7.458055917644381e-07 0.2063996710608106
0.7935985290570523 1.8987869754263894e-06 0.20639957215597227
0.7935983086087904 1.2763681300404302e-07 0.20640156375439656
0.7935912181782654 4.987341090835951e-06 0.20640379448064372
0.7935989738261702 1.4359835904198694e-06 0.2063995901902394
0.7936000825261235 4.4747074767428977e-07 0.20639947000312894
0.7935970358823401 2.7864108435280918e-06 0.20640017770681635
0.7936002240236844 2.480636027684873e-07 0.20639952791271288
0.7935993693387781 2.5204259369657244e-08 0.2064006054569625
0.79360056749106 4.500711219684162e-07 0.20639898243781798
0.7935868084763982 2.2629182400407674e-05 0.20639056234120137
0.7936044481546386 1.1553025542811175e-06 0.20639439654280703
0.7936001753865827 6.236537965392713e-06 0.20639358807545188
0.7936048030806631 5.581847820168593e-07 0.20639463873455483
0.7935922732087287 1.6102521082825275e-05 0.20639162427018845
0.7935915464647975 1.7281039539758457e-05 0.20639117249566277
0.7936050657083968 3.0213132038834575e-07 0.2063946321602828
0.7935997685283506 7.003567047943625e-06 0.2063932279046015
0.7935844944582808 2.643978819316426e-05 0.20638906575352597
0.7935845875764564 2.635485632434088e-05 0.20638905756721915
0.793604088492021 1.7585459790232508e-06 0.20639415296199998
0.7935899978718912 1.9560834878957047e-05 0.20639044129322967
0.7935899463338355 1.9634888160886578e-05 0.20639041877800365
0.7936006078212157 6.255085896412351e-06 0.20639313709288787
0.793590475660166 1.9050012658030242e-05 0.20639047432717594
0.7936063464000414 4.7927130832761645e-08 0.20639360567282777
0.7936068860390043 2.4448425041068524e-07 0.2063928694767453
0.7936070751919218 6.479673857490197e-08 0.20639286001133977
0.7936082285788312 3.137042789821229e-08 0.20639174005074098
0.7936070575674764 1.3750305366540697e-07 0.20639280492947004
0.7936055398327605 1.439074441375767e-06 0.2063930210927981
0.7936083056336097 2.7184451996724575e-08 0.2063916671819383
0.7936055628341853 1.832891595926427e-06 0.20639260427421885
0.7936062077355807 4.861081454493255e-07 0.20639330615627385
0.7936069204098322 3.762389507751526e-07 0.2063927033512171
0.7936068921588193 1.370968379928866e-07 0.20639297074434265
0.7936059726828338 1.316312422969135e-06 0.20639271100474324
0.7936068530349685 2.3659625557169817e-07 0.2063929103687759
0.7936070714157826 3.193721429014945e-08 0.2063928966470031
0.7936068052866285 3.103595945295181e-07 0.20639288435377692
0.7936063132106066 9.419133090703618e-07 0.2063927448760843
0.793607035480145 8.430838238436411e-08 0.2063928802114726
0.7936070075456066 1.0445730352232792e-07 0.20639288799708974
0.7936070258192892 8.648594466313368e-08 0.20639288769476608
0.7936071589724466 3.177366376814309e-09 0.20639283785018692
0.7936071984275526 9.235012751467587e-10 0.20639280064894613
0.793607222764391 4.591924117357008e-09 0.2063927726436849
0.793607215157853 5.890332394792042e-09 0.2063927789518146
0.7936071782952926 5.462518435688681e-08 0.20639276707952287
0.7936071839506914 5.627727600033828e-08 0.2063927597720325
0.7936068409133766 4.07175111215386e-07 0.2063927519115123
0.7936071370514787 1.962388962222371e-07 0.206392666709625
0.7936072687440227 7.355348442885112e-08 0.206392657702493
0.7936073123513501 3.552668192724074e-08 0.20639265212196795
0.7936070199358176 4.3720051568979646e-07 0.20639254286366687
0.7936066424745002 5.184421944078162e-07 0.20639283908330552
0.7936072987087632 1.0943628607971004e-07 0.2063925918549507
0.7936071600617066 1.1132166702635035e-08 0.20639282880612667
0.793607346525185 1.316496114415029e-07 0.20639252182520365
0.7936074489996912 9.108451641585909e-08 0.20639245991579244
0.7936057356107499 2.486953745818428e-06 0.20639177743550427
0.7936061402562372 2.0659205675653125e-06 0.20639179382319528
0.7936051250059742 3.2318236287039702e-06 0.20639164317039707
0.7936059440257848 2.2849955288922057e-06 0.20639177097868627
0.7936079660297458 6.286136578305926e-08 0.2063919711088884
0.7936080340491957 5.3570325403266963e-08 0.20639191238047888
0.7936077450760721 2.978220072370165e-07 0.20639195710192054
0.7936074554338418 7.975625209787383e-07 0.2063917470036372
0.7936081844477101 4.841287013881323e-07 0.2063913314235885
0.7936073725579059 9.670275284885088e-07 0.20639166041456566
0.7936040150394896 2.5173918961831748e-06 0.2063934675686141
0.7936093681364591 4.095540785855287e-08 0.2063905909081329
0.7936084071593563 5.651011683903056e-07 0.20639102773947524
0.793606603964784 3.13891433905085e-06 0.20639025712087677
0.7936074060540695 1.888827711831736e-06 0.20639070511821872
0.7936112910379839 6.989595888895022e-07 0.20638801000242718
0.7935910251650963 2.686705745162806e-07 0.20640870616432927
0.7936254787154898 1.2926408363137073e-07 0.20637439202042654
0.7936095943054563 1.3198805789024699e-05 0.20637720688875452
0.7935888432163661 2.2551561184578657e-05 0.2063886052224492
0.7936211507462303 1.7055828643706393e-06 0.2063771436709054
0.7936528937389977 5.836169132134214e-06 0.20634127009187017
0.7933155518415891 1.671111300232589e-05 0.20666773704540872
0.7934493089230543 3.647034949684398e-07 0.2065503263734507
0.7934476473057979 4.096805859511248e-07 0.20655194301361618
0.7934406772086177 0.00012100497673922788 0.20643831781464309
0.7936528220092207 0.00011043505986860719 0.20623674293091063
0.7933651184109116 0.0002537459706564641 0.20638113561843208
0.7937415969645816 3.945241095524458e-05 0.2062189506244632
0.7939081219759313 6.431851793749742e-06 0.2060854461722749
0.7935006160933943 4.3952501562372845e-06 0.20649498865644947
0.7927950035312582 0.0013374105576635172 0.20586758591107826
0.7919169262838379 0.0030706231112008295 0.20501245060496126
0.7927257236887394 0.002118245964846062 0.20515603034641441
0.7918321510220788 0.003238968791118915 0.20492888018680233
0.7932354754853185 0.0015041524013865387 0.205260372113295
0.794030464708452 0.0005126370722734743 0.2054568982192746
0.7913549048057663 0.0038919993572569395 0.20475309583697665
0.7942944110087361 0.00019492765007505787 0.20551066134118887
0.7943621247646616 0.00011060350530211098 0.2055272717300363
0.7941910907007916 0.0003258656340354916 0.20548304366517292
0.7940277385108317 0.0005324530740303537 0.20543980841513795
0.7937344412088729 0.0009028592379567552 0.2053626995531703
0.7940294532706681 0.0005305663274116319 0.20543998040192024
0.7937987023422184 0.0008222157919643779 0.2053790818658173
0.7916291720580079 0.0035497545099929884 0.20482107343199915
0.7943691947367314 0.00010440765349333622 0.2055263976097753
0.7922784434410018 0.0027323733960110705 0.20498918316298706
0.791698914149305 0.0034612011801266338 0.20483988467056838
0.7944494841659522 3.3450235257226636e-05 0.20551706559879063
0.7944606542437896 8.004860692708875e-05 0.2054592971492833
0.7928816034876937 0.002008593205553327 0.20510980330675313
0.7926938024769192 0.0022328427467895196 0.20507335477629132
0.7920641580694413 0.003033196622506544 0.20490264530805208
0.7930389297747366 0.001827849145659451 0.20513322107960397
0.7945738932019902 3.0917386192153386e-05 0.20539518941181753
0.794844878661825 4.974489286598196e-07 0.20515462388924638
0.7945844431789085 3.4357824492790744e-06 0.2054121210386422
0.7948441079961533 1.7250449306850062e-07 0.2051557194993536
0.794577713550329 1.1851256859706163e-06 0.20542110132398492
0.7946392263095021 2.07029928606545e-05 0.20534007069763727
0.7947054461927671 1.5857516707860683e-05 0.205278696290525
0.7946758896264475 1.6548929337412173e-06 0.2053224554806187
0.7946187539151844 3.1869821350272557e-06 0.20537805910268053
0.7947852071086595 2.970590556557912e-07 0.20521449583228485
0.7946430306121388 1.7541139923890685e-05 0.20533942824793738
0.7946564125288653 3.645987095933466e-06 0.20533994148403867
0.7946593561425309 4.1463022330060036e-07 0.20534022922724585
0.7946360968492698 3.046342025939313e-05 0.20533343973047083
0.7946581020551199 2.8930875708111034e-06 0.20533900485730947
0.79465053453592 1.2684154334040106e-05 0.2053367813097459
0.7946497640867155 1.3763256286310892e-05 0.20533647265699817
0.7946369016659363 2.9557191530051623e-05 0.20533354114253374
0.7946604634858135 4.622644853886371e-07 0.20533907424970102
0.7946572922663971 4.4940766827556176e-06 0.20533821365692004
0.7946378769807645 2.8935439419280032e-05 0.20533318757981628
0.794658815435893 2.7660181749473334e-06 0.205338418545932
0.7946452497456246 1.9897381687637584e-05 0.20533485287268768
0.7946551919496581 7.430558748496934e-06 0.20533737749159342
0.7946421912786062 2.4017756881235577e-05 0.20533379096451262
0.7946606909533681 1.1168704312103863e-06 0.20533819217620072
0.7946622172077277 3.4574588413659167e-07 0.20533743704638824
0.7946581676173693 5.770503274302494e-06 0.20533606187935635
0.7946617734611862 6.756053089267581e-07 0.20533755093350486
0.7946620415433824 7.438334859650006e-07 0.2053372146231318
0.7946614166909747 6.512108507709611e-07 0.2053379320981745
0.7946615942714756 9.942860547172787e-07 0.20533741144246967
0.794662157766562 1.0538462941127884e-07 0.20533773684880852
0.7946601667199062 3.9858984981347575e-06 0.20533584738159574
0.7946585585702659 5.441082104787996e-06 0.2053360003476294
0.7946591879782637 4.4631931939673515e-06 0.20533634882854243
0.7946629042938494 3.989526534783945e-08 0.20533705581088513
0.7946611056962294 2.2954182185468532e-06 0.20533659888555195
0.7946609143312156 2.712193135774752e-06 0.20533637347564865
0.7946629959232658 1.8368652096954007e-07 0.20533682039021334
0.7946628113202544 4.5065066941520377e-07 0.2053367380290761
0.7946630355349628 2.1950266390973815e-08 0.205336942514771
0.7946617274127289 1.757747118522282e-06 0.20533651484015258
0.7946628578960356 2.677674373571938e-07 0.20533687433652695
0.7946629788321491 2.29790704106862e-07 0.20533679137714678
0.7946629784294519 2.3105035768382028e-07 0.20533679052019052
0.7946620715322941 1.3093602474194791e-06 0.2053366191074585
0.7946627450923034 4.971778387061281e-07 0.20533675772985782
0.794663077516936 1.1118727962788657e-07 0.2053368112957845
0.7946632002861423 8.874804266341857e-10 0.2053367988263772
0.7946631884504664 5.607139969995603e-10 0.20533681098881956
0.7946631923586399 4.894242973279232e-10 0.20533680715193584
0.79466320994587 6.038344846275205e-09 0.2053367840157851
0.7946632461803053 8.710854719497452e-09 0.20533674510883992
0.7946632076379168 3.925980969880291e-08 0.20533675310227356
0.7946632005742554 1.0424263671435946e-08 0.20533678900148084
0.794663217509785 6.408356122005608e-10 0.20533678184937942
0.7946633208818898 4.703780221411664e-10 0.20533667864773214
0.7946632231051084 4.70502885280436e-10 0.20533677642438872
0.7946632326550611 1.7761061673488842e-08 0.2053367495838771
0.7946632145629223 3.272216124392911e-08 0.20533675271491647
0.7946632226233419 2.2354002785172576e-08 0.2053367550226553
0.7946632401416163 8.272465194590167e-10 0.20533675903113735
0.7946632402421415 3.1480361984473177e-10 0.20533675944305485
0.7946632226422715 2.2463937799367808e-08 0.20533675489379064
0.7946632243306256 2.043459069718328e-08 0.20533675523478367
0.7946632379353048 3.6491204476294026e-09 0.20533675841557464
0.7946632415656996 5.416528194459397e-10 0.2053367578926476
0.7946632313754182 1.2449685537267065e-08 0.20533675617489622
0.7946632430157715 7.149634403992577e-10 0.20533675626926495
0.7946632438603605 5.827745651631669e-11 0.205336756081362
0.7946632411162666 1.0760130587210498e-09 0.20533675780772026
0.7946632417251239 3.0356134895857555e-12 0.2053367582718405
0.7946632417442859 9.687875402943384e-13 0.2053367582547453
0.7946632445046442 2.584552548445568e-13 0.20533675549509736
0.794663242744841 2.2774283978941013e-13 0.2053367572549311
0.7946632436770334 5.401233545184728e-14 0.20533675632291257
0.7946632424911991 2.9564951401734762e-12 0.20533675750584432
0.7946632424274165 1.1681984475602313e-12 0.20533675757141523
0.7946632427409828 1.0278452388940277e-12 0.20533675725798942
0.7946632446045859 1.4342816970455353e-11 0.20533675538107124
0.7946632510540927 5.881241845103609e-13 0.20533674894531903
0.7946634599880096 8.260417764604707e-13 0.20533654001116436
0.7946653956367065 4.393063696053258e-12 0.20533460435890047
0.7946616364054139 1.7998358930353289e-09 0.2053383617947503
0.794669946730856 9.95141044962336e-10 0.205330052274003
0.7946716043484436 3.248373363584917e-10 0.20532839532671893
0.7946425966809556 3.8812096693729264e-09 0.20535739943783476
0.7946707172863872 6.18591057477145e-10 0.20532928209502171
0.7946725237979878 1.1502387796694618e-09 0.20532747505177332
0.7946853684561601 1.4122755640318285e-09 0.20531463013156429
0.7946483316193181 1.5939630885828982e-09 0.20535166678671876
0.7946740315559507 4.056375449550649e-07 0.20532556280650435
0.7946771503355378 4.771987196309907e-06 0.20531807767726581
0.794682156837564 5.589890272614028e-06 0.20531225327216335
0.7945453829242559 0.00014065765812287998 0.20531395941762115
0.7945933558382453 0.00015062511816249833 0.20525601904359225
0.7947259976926437 5.658602867589024e-06 0.2052683437044887
0.7947145981651539 1.5920704687602033e-05 0.20526948113015853
0.7947942139899606 6.192615277498799e-06 0.20519959339476176
0.7945371932728239 0.00013859439642226846 0.2053242123307539
0.7942462996187576 0.00021839432473394789 0.20553530605650844
0.794240772544263 0.00023055072616659072 0.2055286767295706
0.7947838711456136 3.168941562745204e-05 0.205184439438759
0.7949082944666236 0.00010471142928842236 0.2049869941040879
0.7943307369491805 0.00040593925409140755 0.20526332379672807
0.7944397542555526 7.020144776931479e-06 0.20555322559967037
0.7937722459668538 0.00038506880181431077 0.205842685231332
0.7945760079146696 9.001170445287207e-06 0.20541499091488521
0.7949703181076946 9.713632567585865e-05 0.20493254556662957
0.7928567725614415 0.003333564391759917 0.20380966304679857
0.793539041316747 0.002545938587930584 0.20391502009532247
0.7936850814686116 0.0023754679388974516 0.20393945059249094
0.7954590280155981 0.00018390400800297126 0.20435706797639894
0.7955261651141604 7.957833835592711e-05 0.20439425654748364
0.7951669915589858 0.0005350359132298622 0.20429797252778414
0.7924458932347836 0.003959525903440489 0.20359458086177584
0.7955933108978133 3.092466358765127e-05 0.2043757644385991
0.7948822244868088 0.0009010937604681707 0.204216681752723
0.7947389960432991 0.0010722418358635425 0.20418876212083734
0.7924644057678152 0.003936694755785081 0.20359889947639978
0.7933939754460145 0.002745902466889554 0.20386012208709595
0.7929267685519028 0.0027457990453546707 0.2043274324027425
0.8170920711267383 0.00010218392912112848 0.1828057449441405
0.8684530729922534 0.0001461668120219605 0.13140076019572466
0.6920218965187107 0.0031535311744082216 0.3048245723068811
0.6854004448301335 0.0031693692317543857 0.3114301859381121
0.7731246977362207 0.0022525789988053174 0.22462272326497404
0.860205100219413 1.1632759701722994e-05 0.1397832670208853
0.7788746435857785 7.124756733307371e-06 0.2211182316574882
0.8684377777267287 1.3695401560980552e-06 0.13156085273311513
0.8684336645001437 1.3176579041923629e-05 0.1315531589208144
0.8048683012636196 0.0002337295179265379 0.19489796921845395
0.09611768873130123 0.8554363590321303 0.04844595223656838
0.06451705165936449 0.8724505751724916 0.06303237316814392
0.04664707823264762 0.9412740214512824 0.01207890031606999
0.009724085221614342 0.9883000887903426 0.0019758259880430467
0.004480005209984998 0.994214818560477 0.0013051762295380686
0.0014336364174838397 0.9979592928201921 0.0006070707623239698
0.10261848788948885 0.8741450065262261 0.023236505584285177
1.924742999637248e-05 0.9999590720199764 2.1680550027252133e-05
1.4195449031432336e-06 0.9999903717786633 8.208676433560462e-06
2.89864562081644e-06 0.9999825071046541 1.4594249725044215e-05
6.110878057920822e-07 0.9999801758183502 1.9213093843955187e-05
2.7698329838777775e-07 0.9999899103209954 9.812695706175635e-06
7.07100509381383e-07 0.999974215297902 2.5077601588695262e-05
2.767821305352927e-07 0.999989908869589 9.814348280481894e-06
5.169602892733127e-07 0.9999820463994737 1.7436640236858982e-05
4.474392381326121e-07 0.9999918663624225 7.686198339423882e-06
1.3114531072007653e-06 0.9999803821355993 1.8306411293470233e-05
3.442538845498629e-05 0.9998929430644419 7.263154710324845e-05
0.00012816280177607538 0.9981790432327018 0.0016927939655222036
0.0004398191253145832 0.9960581614169575 0.0035020194577278932
0.00015000121196739958 0.9934022300878463 0.006447768700186374
0.00022806145891763306 0.9874163757534454 0.012355562787636965
0.0016899975775568768 0.9688837128359936 0.029426289586449474
0.3077175818237608 0.05523619729215872 0.6370462208840805
0.06982292519693585 0.3573836353297476 0.5727934394733164
0.14928250258717218 0.0005039057925184093 0.8502135916203094
0.21614556488175585 6.279272325446298e-05 0.7837916423949898
0.21621099969006324 9.517964427098955e-06 0.7837794823455096
0.2565539944447522 1.2516711463897238e-06 0.7434447538841016
0.14949519750785545 1.4422608178623022e-06 0.8505033602313267
0.21618357606119207 5.3491218428770093e-05 0.7837629327203792
0.24264723845391445 0.038235750064131775 0.7191170114819537
0.25616869070513715 0.008410058531264353 0.7354212507635985
0.11855769189372821 0.015472607294081323 0.8659697008121905
0.09335122858657077 0.3925253880354951 0.5141233833779341
0.10287321635650312 0.30737896260654307 0.5897478210369539
0.0791493346063153 0.1788157573025468 0.7420349080911379
0.004095679772436667 0.9727377006056084 0.023166619621954977
0.00046958070368679887 0.9972762192422627 0.0022542000540504334
0.0002440572015037467 0.999181011870908 0.000574930927588332
0.00019841310452000023 0.9995539346966443 0.0002476521988356506
0.0013004485479560794 0.9977175334776855 0.0009820179743583552
0.0006199205788285854 0.9992886127389465 9.146668222491497e-05
0.00041866951938004395 0.9995403305751679 4.0999905452015745e-05
0.00018491808616563065 0.9998047890349747 1.029287885956973e-05
0.00029742745917143797 0.9996874858571031 1.508668372540248e-05
0.0012062639857673453 0.9987364338905849 5.730212364787293e-05
0.00018480590876440709 0.9998063890673767 8.805023858799516e-06
0.0003008751722047807 0.9996836394069841 1.5485420810963923e-05
0.0012213304951167118 0.998692854495763 8.581500912041759e-05
0.0002460955789825726 0.9997349196350739 1.89847859435647e-05
0.0004960536210997656 0.9994241984839506 7.974789494968109e-05
0.0005803803680093751 0.9990938645401445 0.00032575509184605366
0.0005701581774975484 0.9990469485606222 0.0003828932618803481
0.027002389377881315 0.9138232073710795 0.05917440325103941
0.06551655988600247 0.8899815289280778 0.044501911185919764
0.01918683832526965 0.9667841721964634 0.014028989478266831
0.279470903807875 0.6933815122045262 0.027147583987598922
0.7792134360215708 0.006218275248873362 0.21456828872955588
0.7287728469349244 0.0006509149296668503 0.2705762381354087
0.7883938694788467 0.004150932790598442 0.20745519773055485
0.7494518405321736 0.0005856738482697771 0.24996248561955653
0.7497045602101818 0.0002930027818970723 0.2500024370079212
0.7914452644499363 0.00043190189081414705 0.2081228336592495
0.8688739363917515 4.775656275591985e-06 0.13112128795197303
0.8688827398465763 3.178854163650344e-08 0.1311172283648822
0.7671447793929775 1.5339797446620824e-08 0.23285520526722495
0.8689302729516073 4.4860706455123706e-08 0.1310696821876862
0.8406163053974535 0.0001023671223308804 0.15928132748021562
0.808190496165082 0.0002804573578555044 0.19152904647706262
0.7251485543976589 0.0019729695381924955 0.27287847606414867
0.7312272064595329 0.00014946539902467855 0.26862332814144246
0.775053515002163 0.03941260380991546 0.18553388118792158
0.7154107385607719 0.04530902134677077 0.23928024009245735
0.6850935914685983 0.03047802974918164 0.2844283787822201
0.5263025875204971 0.30447061924886143 0.1692267932306414
0.6167343271371531 0.25317913708772993 0.13008653577511686
0.053256645747275184 0.9244775184798396 0.022265835772885323
0.007048809242599342 0.9794605898091252 0.013490600948275536
0.0029856746362259047 0.9841885971695828 0.01282572819419123
0.009672347245165629 0.9390039194154899 0.05132373333934458
0.0112775088389246 0.9362434338703524 0.052479057290722934
0.000272074398779448 0.9966341443223101 0.0030937812789104914
0.00011006139345191268 0.9994342215783883 0.0004557170281596746
4.184120923607094e-05 0.9999144823258364 4.3676464927538485e-05
4.3339452051130354e-05 0.9998784856898768 7.817485807217932e-05
6.869061970410495e-06 0.9999888632229773 4.267715052236665e-06
3.4686083704618384e-05 0.9999322362743426 3.3077641952766554e-05
1.1592971433329345e-06 0.9999973043151149 1.5363877416383186e-06
4.35899187751748e-07 0.9999986415352831 9.225655292969955e-07
9.669839625578725e-07 0.9999969060103239 2.127005713526676e-06
2.3521672858259655e-06 0.9999904044505912 7.24338212296689e-06
3.0008943215360852e-05 0.9999472470556046 2.2744001180131067e-05
0.0009447251697363705 0.995890425720102 0.003164849110161691
0.0002844157947193396 0.9988138371143465 0.0009017470909342166
0.002866820024922124 0.9951676022180184 0.0019655777570595574
0.0050822893683523445 0.9903486481266354 0.0045690625050122825
0.03934581692669181 0.9023300778335975 0.058324105239710655
0.010725598252557643 0.9696098144457745 0.0196645873016677
0.018189314561586904 0.9159603239630076 0.06585036147540546
0.16735227526864177 0.2484759324150545 0.5841717923163037
0.1346521693692592 0.22125226916787202 0.6440955614628687
0.09944208410439946 0.24301961341883274 0.6575383024767678
0.20791773867157073 0.05574253586892162 0.7363397254595077
0.2463832374435353 0.02958898985777788 0.7240277726986867
0.17441376091535377 0.006531629388431202 0.8190546096962149
0.1455215898836364 0.026457655124060276 0.8280207549923033
0.17956973962786577 0.0009475641171220135 0.8194826962550122
0.1487941151273066 6.48661448726166e-05 0.8511410187278208
0.16320942725105386 0.0025739482116343567 0.8342166245373117
0.16242198530586502 0.0042316731531886346 0.8333463415409463
0.247952970201915 0.0031504614905756567 0.7488965683075094
0.08761555955006108 0.23462712379546025 0.6777573166544787
0.04587251007044096 0.5663589118356206 0.3877685780939385
0.07020138141781793 0.5956429405388933 0.3341556780432887
0.0318531485775327 0.8656585326927573 0.10248831872971005
0.0124065167233522 0.9242388053635188 0.063354677913129
0.0069053545895399115 0.9620735070165295 0.031021138393930642
0.010999686642806997 0.9383376073962973 0.05066270596089566
0.005872688314149815 0.9717022076616196 0.022425104024230424
0.0033015515470611835 0.9831427865278725 0.0135556619250664
0.0025764731644684806 0.9847758119829464 0.012647714852585187
0.003088957000693903 0.983972081494533 0.01293896150477324
0.0920719836028803 0.5216114564930777 0.38631655990404185
0.0028929831124393504 0.9867504702185227 0.010356546669038074
0.0028179422598810255 0.9908341009950807 0.006347956745038295
0.005333549308830616 0.9864618832152137 0.008204567475955682
0.005887516556303749 0.9849442549261569 0.009168228517539411
0.10889690115905261 0.686220548219328 0.20488255062161936
0.019279853948443726 0.9441072776627717 0.03661286838878454
0.014147500131072714 0.9698901212849076 0.015962378584019773
0.02132912556159832 0.9585963402328415 0.020074534205560178
0.00424413753427894 0.9894114968380223 0.006344365627698759
0.003961695248358773 0.9876510527718518 0.008387251979789371
0.00654425239108309 0.9875404623137617 0.0059152852951552546
0.19672633330719327 0.7436526870060389 0.05962097968676778
0.37501301665142134 0.47243711507441266 0.152549868274166
0.3334984495427404 0.5953862895032488 0.07111526095401077
0.4177463223714119 0.45247147178237557 0.12978220584621253
0.654111131305411 0.05223529683566438 0.2936535718589246
0.7904605233548602 0.038006717181201 0.17153275946393878
0.08882469942511398 0.8479081299296828 0.06326717064520328
0.03773290425703714 0.9340348483361544 0.028232247406808395
0.015336709937820058 0.9623094931431464 0.022353796919033442
0.05226567201880305 0.8680953375061059 0.07963899047509101
0.0076140299893202555 0.9780559298268323 0.014330040183847283
0.014421599430202632 0.965642260832139 0.019936139737658298
0.007755261514253893 0.9801669718075339 0.012077766678212335
0.04665317958410883 0.9230506209551574 0.030296199460733874
0.02220505293116952 0.9617829512262057 0.01601199584262486
0.010182609787524836 0.9789607351509171 0.010856655061558033
0.020480244762317842 0.9636596646296666 0.015860090608015517
0.1451969992588776 0.7569565431928352 0.09784645754828722
0.02256550445500918 0.9540568802003973 0.023377615344593487
0.006621617830502757 0.9873225842738578 0.006055797895639444
0.020819411434774875 0.9645805716468635 0.014600016918361559
0.032210971889592765 0.9561489326889582 0.011640095421449158
0.03730096893040199 0.9317391719693503 0.03095985910024778
0.005482106954989214 0.9896164707448056 0.004901422300205148
0.008208202787757092 0.9742259047475412 0.01756589246470176
0.006892182104578744 0.9660757868850226 0.027032031010398767
0.002716820640265059 0.9856243894459142 0.011658789913820728
0.0036270251711050133 0.9783390474991277 0.01803392732976723
0.008126019972980165 0.9594801009535825 0.032393879073437375
0.07121140956421988 0.23111689508874456 0.6976716953470357
0.12066440307671289 0.09021043390656963 0.7891251630167175
0.2553617312013097 0.004790797197000591 0.7398474716016897
0.13756361794480124 0.3399820499334792 0.5224543321217195
0.08778451123126468 0.21679773060582885 0.6954177581629064
0.16151193949002174 0.027359944077862335 0.8111281164321159
0.10423722099164352 0.0047930381197051715 0.8909697408886513
0.04650787652096005 0.3217710114349926 0.6317211120440474
0.045767186047518685 0.2707637917216615 0.68346902223082
0.05976757869417071 0.24584812594534336 0.6943842953604858
0.06123139567884144 0.27917264295572514 0.6595959613654333
0.07337540629570863 0.11567148504227771 0.8109531086620136
0.04815904112730318 0.3877695778388425 0.5640713810338543
0.0730025508235474 0.2079676560928441 0.7190297930836085
0.06808303275768125 0.1971323083571988 0.73478465888512
0.05692358355539366 0.35856125665605476 0.5845151597885515
0.08781942544538204 0.030913047260058522 0.8812675272945594
0.08159719205046233 0.16223681024167613 0.7561659977078616
0.09510575243119022 0.018818748613523496 0.8860754989552863
0.1214204759986137 0.009313159586116311 0.8692663644152699
0.08309010322748754 0.15720987824660315 0.7597000185259094
0.07148200280198465 0.2015785966483496 0.7269394005496658
0.06876258381783434 0.237549353216157 0.6936880629660087
0.09105087654342921 0.020044858735375554 0.8889042647211952
0.08247392063263022 0.05430274197023513 0.8632233373971346
0.08392224208084957 0.11322862796077862 0.8028491299583718
0.08312600164068598 0.10375836003581951 0.8131156383234945
0.07702006958851862 0.08250266050679343 0.840477269904688
0.08539452098987281 0.0016778040761205922 0.9129276749340066
0.08764323667260004 0.0003539541735540836 0.9120028091538459
0.08104978600018842 0.006875810629728408 0.9120744033700832
0.08746154966418959 3.503051705855564e-05 0.9125034198187518
0.08664836726882257 7.998112069714254e-05 0.9132716516104803
0.0866638405105346 3.881960875671567e-05 0.9132973398807087
0.0864391208659208 0.000677447696374834 0.9128834314377043
0.0830646885454965 0.00042468453547799527 0.9165106269190255
0.08460306919679705 9.88520297074903e-07 0.915395942282906
0.08607106911503468 1.4478190066646914e-06 0.9139274830659587
0.0850879965625899 2.1039070458907813e-08 0.9149119823983397
0.08517663517509555 3.5836781907777057e-07 0.9148230064570854
0.0852133191495474 5.011702133090722e-07 0.9147861796802393
0.08521379482716021 1.8350461953415709e-06 0.9147843701266445
0.08520054108302896 1.9746936463267137e-06 0.9147974842233246
0.08520544449937333 7.783836969157526e-06 0.9147867716636575
0.08519138599741946 3.2119192968113746e-05 0.9147764948096124
0.08519129288403789 3.1347436247639206e-05 0.9147773596797145
0.08519643467089363 7.580191604198588e-07 0.9148028073099459
0.0851957768108169 6.751825075043825e-06 0.914797471364108
0.08519563338084964 7.574447482097229e-06 0.9147967921716683
0.08519260619763361 3.9645821076409605e-05 0.9147677479812899
0.08519493386659745 7.885781718372772e-06 0.9147971803516841
0.08519521080664184 7.645102808493555e-07 0.9148040246830773
0.08519662235847607 2.0097634768596345e-06 0.9148013678780471
0.08518578564418675 1.9451235254897676e-05 0.9147947631205584
0.08538069382571371 9.289311889124933e-07 0.9146183772430974
0.0851900015808995 6.440401386516022e-05 0.9147455944052353
0.0851758521277658 2.546917279672818e-05 0.9147986786994375
0.08510436091089238 1.719319363733525e-05 0.9148784458954703
0.08523864568975562 1.4836254548141156e-05 0.9147465180556962
0.08517383794534432 2.626886515912425e-05 0.9147998931894965
0.08510094140183161 4.468859688792199e-05 0.9148543700012804
0.08260228764402766 4.772882298536179e-05 0.9173499835329869
0.07767378849335223 1.398364843843308e-06 0.9223248131418039
0.09062478665643169 4.317909024816279e-05 0.9093320342533201
0.05909723970559885 0.0006936512782755999 0.9402091090161255
0.0593290147474676 0.00036483880987607514 0.9403061464426562
0.08263588265614674 0.0012312677120858814 0.9161328496317673
0.06654290570019715 0.00041376286182460883 0.9330433314379782
0.07412113617324277 0.00047858636203517384 0.925400277464722
0.06648612295725195 0.0007380369462369575 0.9327758400965112
0.059998224898800426 0.0002589906389526971 0.9397427844622469
0.13309912934403434 0.003241058478866826 0.8636598121770989
0.030270900550707722 0.3696667291313241 0.6000623703179682
0.00349189932790384 0.9016192313467581 0.09488886932533797
0.0006235083368995071 0.9905770608973392 0.008799430765761248
0.00028915397435019965 0.9987066343810506 0.0010042116445992846
0.00041002110050746373 0.9988776608750191 0.0007123180244734546
9.603501388016457e-05 0.9998597623975894 4.420258853027001e-05
0.00011526784857347896 0.9998459439218351 3.8788229591451836e-05
7.779165781021618e-05 0.999900054859892 2.215348229793158e-05
0.00011334158210335294 0.9998545490849328 3.210933296390462e-05
0.00011097883764068707 0.9998575339217954 3.148724056393932e-05
7.686536451745469e-05 0.9999015127565574 2.162187892518966e-05
8.737336074665814e-05 0.9998867532270531 2.5873412200143496e-05
0.00011368282268673036 0.9998502967491447 3.602042816849752e-05
9.208912777700758e-05 0.9998705730370981 3.7337835124837385e-05
0.009538484382400682 0.9871384291621674 0.003323086455431889
0.00022002664249660782 0.9995913633647106 0.00018860999279280287
0.0021985849873520725 0.9966950970135701 0.0011063179990779843
0.014148617209448872 0.9812897561866074 0.004561626603943729
0.026125446861314575 0.9685283317295202 0.005346221409165132
0.06804387702649839 0.9195610567118914 0.012395066261610143
0.20837350395361554 0.7425218335378695 0.04910466250851504
0.13383112659413 0.8346598357477446 0.03150903765812547
0.9228224602600992 0.016362484888560843 0.06081505485134
0.5162625770519986 0.40045762875228735 0.08327979419571402
0.9617590767771801 0.0017645049749533811 0.03647641824786654
0.9463558401196399 0.0013478656830002284 0.05229629419735992
