inside membrane outside
0.08784261591037544 0.0 0.9121573840896245
0.0484759053859191 3.688963311855744e-06 0.951520405650769
0.07054596005363344 3.0629892003466833e-06 0.9294509769571662
0.09354225826240846 1.9217867515408514e-07 0.9064575495589163
0.07742231225503582 7.593115416877556e-07 0.9225769284334225
0.056318178604348394 8.847314619378128e-07 0.9436809366641897
0.08356429176837905 1.4136529129031067e-06 0.916434294578708
0.09971536896517348 3.106996459916154e-06 0.9002815240383666
0.039763828297093316 4.999435585802968e-07 0.9602356717593481
0.050474816437428585 3.835249260259772e-06 0.9495213483133111
0.07090235899297653 1.7798724893757713e-06 0.9290958611345341
0.07073400934556663 4.2308828579413225e-06 0.9292617597715754
0.06686802207829717 5.260425939345593e-06 0.9331267174957635
0.06023350613821771 1.0269223653556367e-07 0.9397663911695457
0.05884618983043564 1.6623996026521703e-07 0.9411536439296041
0.08440510275502157 8.254376895343642e-06 0.915586642868083
0.08012839862103806 1.9308389466119676e-06 0.9198696705400153
0.13864480108268137 5.84155807185192e-07 0.8613546147615114
0.10199261314704387 4.3508320808779536e-05 0.8979638785321473
0.060912633698227935 0.0045846729046665835 0.9345026933971055
0.13079150199306896 0.0028156856842607328 0.8663928123226703
0.05351638393371035 0.00149909835508174 0.944984517711208
0.0697373746182524 0.044741324012331454 0.8855213013694162
0.021246928168601707 0.699757754617616 0.2789953172137822
0.01562411798823962 0.7952333125008241 0.18914256951093625
0.07588992217679132 0.15419166432121878 0.7699184135019899
0.007679845845576923 0.9532436957166504 0.03907645843777277
0.025229779488559066 0.9303956040430298 0.044374616468411225
0.006958176814893278 0.9858037940737617 0.0072380291113449645
0.06308754716956698 0.8717161703929481 0.06519628243748493
0.00965175336561169 0.9815989562312744 0.008749290403113933
0.0065658670435110355 0.9877261475435467 0.0057079854129421384
0.009343680139783074 0.9825664736430867 0.00808984621713031
0.0093231739017929 0.982607743130128 0.008069082968079157
0.009321132590750859 0.9826118617294177 0.008067005679831462
0.01632622011107072 0.9695442405507533 0.014129539338175881
0.04472433143396177 0.9165667414700258 0.03870892709601253
0.04437869365828576 0.9172222831215142 0.03839902322019999
0.04317582848930233 0.9194632453750886 0.03736092613560917
0.0075627392559254585 0.9859054575916084 0.006531803152466182
0.009104998358286397 0.9829511172118391 0.007943884429874475
0.013549260548751624 0.9770083025829741 0.009442436868274283
0.058017983489217065 0.9283314859271992 0.013650530583583674
0.9108267064859918 0.03199863589672845 0.057174657617279724
0.6799297214039434 0.2357765331164663 0.08429374547959037
0.8450713885365287 0.09400582989139145 0.06092278157207975
0.9535569650333036 0.0037472556554780856 0.04269577931121825
0.8754635260505736 0.039883976561134765 0.08465249738829166
0.8009070036816313 0.14606607554578016 0.05302692077258861
0.8274962363497905 0.08196424313081524 0.0905395205193942
0.9587954679536469 8.057335686051221e-05 0.041123958689492465
0.969676626286619 2.4895275559369194e-06 0.030320884185825066
0.913979289207972 5.591388461122154e-08 0.08602065487814328
0.9483933520996249 8.806842025230742e-09 0.051606639093533156
0.9346473918486947 1.0573965227106617e-08 0.06535259757734001
0.9323727332634767 9.905729478303691e-08 0.06762716767922844
0.9351324100614273 2.7300233701434335e-09 0.06486758720854925
0.9303664976182433 1.590411306583751e-07 0.06963334334062606
0.9322399263043735 1.0274619040650718e-08 0.06776006342100743
0.9309984533198953 5.854259130170311e-09 0.06900154082584552
0.931554653738197 1.259512608950188e-07 0.06844522031054207
0.9315860262383223 1.1952226138996119e-08 0.06841396180945153
0.9315862674232702 2.0635744912669703e-07 0.06841352621928061
0.9315863574692651 1.0494135486298761e-07 0.06841353758937996
0.9315862993773484 1.3651138271347804e-07 0.06841356411126887
0.9315849549656532 1.5785036550549835e-06 0.06841346653069173
0.93158495340292 1.5803593471700126e-06 0.06841346623773284
0.9315861408101045 3.0574754064875446e-07 0.06841355344235489
0.931586282652303 1.5347782818868168e-07 0.06841356386986878
0.9315861483606279 2.976199315733385e-07 0.06841355401944049
0.9315858723917522 5.938405830250977e-07 0.06841353376766483
0.9315856317999096 8.5208187631136e-07 0.06841351611821403
0.9315854846961245 1.009383423708951e-06 0.06841350592045184
0.9315859052535513 5.551529898617924e-07 0.06841353959345875
0.9315859824522763 4.6890173062817726e-07 0.06841354864599303
0.9315846925931087 1.846861795937933e-06 0.06841346054509524
0.9315863425995488 3.8924698264078756e-08 0.0684136184757529
0.9315861887735994 1.0898674379270487e-07 0.06841370223965672
0.9315862202574701 2.0144113969410628e-08 0.06841375959841602
0.9315861855425904 1.495058821823982e-08 0.06841379950682136
0.931585988139079 5.653867519490178e-08 0.0684139553222458
0.9315860170316961 8.098878303421503e-09 0.06841397486942563
0.9315858664805574 9.555329665829403e-11 0.06841413342388925
0.9315858736882832 6.592498594199829e-11 0.06841412624579189
0.9315859811658931 1.4417371076948972e-09 0.0684140173923698
0.9315860420821162 3.4798585090552884e-09 0.06841395443802528
0.9315858722137764 6.910282127923069e-11 0.06841412771712067
0.9315858843480274 9.409777195373474e-11 0.06841411555787474
0.9315859514812321 2.0798915868359463e-09 0.06841404643887623
0.9315859169189318 1.2768515111629892e-09 0.06841408180421668
0.9315858455818815 2.653911364159246e-08 0.06841412787900486
0.9315859235236162 2.416952741489645e-10 0.06841407623468862
0.9315858975015725 3.3148576379839635e-08 0.0684140693498511
0.9315859236803966 5.3986471484082275e-09 0.06841407092095636
0.9315859183966769 1.1078495727395396e-08 0.06841407052482737
0.9315858983112457 3.256266536155726e-08 0.06841406912608901
0.93158592279864 6.3652320247248386e-09 0.06841407083612798
0.9315859281983447 5.521872627125833e-10 0.06841407124946797
0.9315859189537434 1.0502559520248693e-08 0.06841407054369707
0.9315859262646263 2.5024411952005027e-09 0.06841407123293244
0.9315859277968891 6.3508266844914e-10 0.06841407156802819
0.9315859245443812 5.796316433895206e-10 0.06841407487598708
0.9315859069522819 1.1776924778482446e-08 0.06841408127079324
0.9315859094314777 5.868858904918737e-09 0.06841408469966352
0.9315848480264202 5.77044125553046e-09 0.0684151462031385
0.9315845377531082 4.796350726169417e-09 0.06841545745054116
0.9315516538506052 9.635161550640426e-09 0.06844833651423324
0.9315674600969236 4.266502889269903e-09 0.0684325356365735
0.9317516196147303 6.569162005860311e-09 0.06824837381610771
0.9357105021862736 1.8603936858126018e-09 0.0642894959533327
0.9306199844556698 6.304012835645749e-10 0.06938001491392894
0.9272733963664389 5.001934034844906e-07 0.07272610344015765
0.9349353374804592 1.0044582255932986e-06 0.0650636580613153
0.9567392388246433 4.804309540689797e-08 0.04326071313226127
0.9394850091603516 3.06572457161124e-05 0.060484333593932384
0.9332309251392912 0.00028081689675907236 0.06648825796394979
0.8929506233971446 0.005622417100625066 0.10142695950223034
0.922402894197905 0.0002970135371549757 0.07730009226493997
0.9655336726315596 0.0017489582018795408 0.032717369166560754
0.4367533348159781 0.5141182992930048 0.049128365891017094
0.9314070814754164 0.03756486271327551 0.03102805581130804
0.1872186038718745 0.7967330779315582 0.01604831819656737
0.21140835016385526 0.7626907997192826 0.025900850116862117
0.019169969765907183 0.977050802292814 0.0037792279412788496
0.37217321429063155 0.5907710859507133 0.03705569975865511
0.010682141698781091 0.9884785946020427 0.0008392636991762147
0.00658409863893304 0.992935334906839 0.0004805664542279129
0.006257057423949089 0.9934302147787177 0.0003127277973330362
0.00641057431915949 0.9932816756828877 0.00030774999795275555
0.011162871568560915 0.9883016897141225 0.0005354387173167166
0.004947323861957445 0.9948153693713085 0.00023730676673404033
0.14585874570895588 0.8471428230401162 0.006998431250927861
0.004950459629040395 0.9948117678547489 0.0002377725162107043
0.015897223990152472 0.9833359866197984 0.000766789390049044
0.00437781469855096 0.9953993330811103 0.00022285222033876777
0.011100874225329514 0.9880853748406009 0.0008137509340696377
0.006524087116947958 0.991588487654278 0.0018874252287740642
0.03205359744218892 0.9473747665419382 0.02057163601587302
0.032034480340956795 0.9408093106082338 0.02715620905080949
0.0049692390925714786 0.982386134237449 0.012644626669979515
0.005644665944652059 0.9467412250926279 0.04761410896271993
0.014106118221399828 0.8478436300397156 0.13805025173888455
0.20043178871482692 0.04557748950788983 0.7539907217772832
0.0697101815940264 0.012813959887406443 0.9174758585185673
0.05264055640499588 0.20313737246277833 0.7442220711322258
0.1895325329593018 0.0007245599578983483 0.8097429070827998
0.12990488554289836 1.3917110161511492e-05 0.8700811973469402
0.07628405399465564 0.0004176174143692427 0.923298328590975
0.060473218878035945 0.06709010123874311 0.8724366798832209
0.19761572104734818 0.009659625406158423 0.7927246535464934
0.07535085883886262 0.23734098878627785 0.6873081523748595
0.0980761181188389 0.3930949188244236 0.5088289630567375
0.060582603656048714 0.30916495763396684 0.6302524387099844
0.04576060144744581 0.680003585715662 0.2742358128368922
0.007230462409680965 0.8633459945115061 0.12942354307881296
0.0186896489954497 0.5222324028280441 0.4590779481765063
0.006086892783064941 0.9048690409731678 0.08904406624376734
0.018415034589697173 0.7632073448105262 0.21837762059977658
0.08188426877329222 0.14856641729154124 0.7695493139351665
0.004580476077258771 0.9727311991418242 0.022688324780917053
0.001992543648282859 0.9894410360326128 0.00856642031910437
0.0013762129485032836 0.9944530659323584 0.004170721119138386
0.0031470245553098263 0.9876412322630219 0.009211743181668217
0.0030403816682101005 0.9880866028897247 0.008873015442065231
0.0030921059318795145 0.9879184352737858 0.008989458794334682
0.0017299303225241501 0.9933121814086519 0.004957888268824125
0.0026713810639381348 0.9934819215684508 0.003846697367611054
0.03676643381449011 0.9463247575562399 0.016908808629269974
0.009883625296050939 0.986218454994658 0.0038979197092910167
0.05860558943691093 0.9280450179416252 0.013349392621463858
0.1398087979001785 0.8407382071887021 0.019452994911119483
0.06360896659093462 0.9316267753263706 0.004764258082694867
0.7902041793849104 0.1853918915049318 0.024403929110157756
0.5726299849033263 0.39403360207201144 0.03333641302466232
0.669100763022797 0.30967624390417736 0.021222993073025772
0.7782842694963438 0.18114736408597615 0.040568366417680114
0.3400459429046201 0.6294489406259508 0.03050511646942924
0.9433413671917373 0.0003525554459504264 0.05630607736231241
0.943263514325654 0.00031762229482730926 0.05641886337951868
0.8792290471473284 0.0176498553923367 0.10312109746033499
0.9189758586373213 0.0017599307500181884 0.0792642106126605
0.908737214280312 0.021203845686284327 0.07005894003340382
0.9621648557668894 0.0006848215570415566 0.03715032267606917
0.25453338197700576 0.6786422881561444 0.06682432986684983
0.6060574037415847 0.18980581491077725 0.20413678134763796
0.6203622740647364 0.26581806849460543 0.11381965744065806
0.0990482253280947 0.8696895396775579 0.0312622349943474
0.11051307084792268 0.8616862660689798 0.02780066308309768
0.06481561877123086 0.9165874216490888 0.018596959579680432
0.37499679281031867 0.5175514679334338 0.1074517392562477
0.21971540701177236 0.7114897157195764 0.0687948772686513
0.18792399095473056 0.8066268873023205 0.005449121742948802
0.1585428658521603 0.8376855529153902 0.0037715812324495184
0.002542739000653353 0.9966280059808741 0.0008292550184725413
0.001811303506231399 0.9977890967661746 0.0003995997275940441
0.00033675031173449225 0.9995447546809579 0.00011849500730754247
0.00023294893682681506 0.9997572884620366 9.762601136653938e-06
0.0032742268818056457 0.9965868113644498 0.00013896175374449065
0.0002345620403315702 0.9997540428145383 1.1395145130041189e-05
0.00023515143627708365 0.9997358095592804 2.903900444246378e-05
0.002513974746692262 0.9971566076932664 0.0003294175600412386
0.0005408465538728116 0.9992668901975887 0.00019226324853843972
0.0002330535928433988 0.9996528191254511 0.00011412728170558936
0.00033442870277586 0.997657674020465 0.002007897276759193
0.00026328113736328836 0.9967538069470838 0.002982911915552816
0.0003137733061553933 0.9868155179011108 0.012870708792733844
0.021479145191262806 0.14259953005600912 0.8359213247527281
0.006061731364011194 0.2879813520790228 0.705956916556966
0.004169096889030429 0.643201099903434 0.35262980320753556
0.018745209752111885 0.49902129136738527 0.4822334988805029
0.0348553218358784 0.6334079674366438 0.3317367107274778
0.046045411549282454 0.05373636933242884 0.9002182191182886
0.06084160212739307 0.018530851595687084 0.9206275462769199
0.05656377021604954 0.09309673234873014 0.8503394974352203
0.14651598006786748 6.945032747537446e-05 0.8534145696046571
0.09883406487559358 0.0005741787392268922 0.9005917563851795
0.14679714255978066 7.70314131823724e-05 0.8531258260270369
0.10462651276895299 0.027798118173300565 0.8675753690577465
0.06254164732906067 0.25941033817174997 0.6780480144991894
0.21522133261536885 0.03161408688643162 0.7531645804981995
0.05801905834155059 0.8485924640426863 0.0933884776157631
0.005981416874641787 0.9767736014268286 0.017244981698529678
0.005587250938954554 0.9802144139212439 0.014198335139801689
0.0014484448563983465 0.9975745002852262 0.0009770548583754694
0.00575803458193764 0.9903581148199111 0.0038838505981512376
0.0666993164568254 0.9236474536416299 0.009653229901544616
0.0010295053268242543 0.9988503190519707 0.00012017562120496211
0.0013352558264894873 0.9985479119832915 0.00011683219021899429
0.0009046949999317114 0.9990232378765922 7.206712347617007e-05
0.002312540283232855 0.9975035772567539 0.0001838824600133288
0.006671327221550398 0.9927988284137996 0.0005298443646500133
0.0009058405939037352 0.9990222795173445 7.187988875189755e-05
0.0013015470763596208 0.9985951687971398 0.00010328412650058672
0.001293141884545731 0.9986041795922328 0.0001026785232215658
0.0013459106009834647 0.9985473856051059 0.00010670379391051074
0.0017845515432514402 0.9980944186547217 0.00012102980202682144
0.0537473447325935 0.9444970242780606 0.001755630989345941
0.006724441350917535 0.993031267403023 0.00024429124605945823
0.2745015754033755 0.723013561298997 0.0024848632976275276
0.14791752057686655 0.8499205392043835 0.002161940218749935
0.5284070633509191 0.45950072835460176 0.012092208294479198
0.18789798126585933 0.8004552188187171 0.011646799915423684
0.40249854835634175 0.5548741860400379 0.042627265603620304
0.8811217367937868 0.000835457676536057 0.11804280552967723
0.9448744675704679 2.2140734700405363e-05 0.0551033916948317
0.8454362664695628 0.00011542996642283452 0.1544483035640143
0.8872854627749946 7.711483210111256e-05 0.11263742239290434
0.9316594550992658 2.318773618800938e-05 0.06831735716454614
0.8769173450406209 0.0004132670663107284 0.12266938789306835
0.904360024548958 0.00035361598149844425 0.09528635946954365
0.9057967389630388 0.0006467119700714479 0.09355654906688962
0.918647969016925 0.00026473807173102415 0.08108729291134394
0.917899734057846 0.0007984035885121437 0.08130186235364188
0.9060130130825342 8.614846355585954e-05 0.09390083845390997
0.9097305513233624 0.0015897718379279532 0.08867967683870963
0.9089927657827868 0.008839554669114114 0.08216767954809912
0.9093609725325716 0.00022067683757130105 0.09041835062985722
0.9267662242939188 0.01677418318195641 0.056459592524124816
0.927354912783736 0.01738085389253645 0.05526423332372754
0.9295324260954562 0.015507510683145083 0.05496006322139876
0.9448124371029519 0.003141161460476374 0.05204640143657169
0.9163976489838355 0.03346046927430086 0.05014188174186357
0.8563494185212582 0.09921349792513329 0.044437083553608404
0.9297324445770896 0.02214832277319678 0.048119232649713725
0.9298370619317327 0.022296830933388672 0.04786610713487875
0.814804492856844 0.14343971695986776 0.04175579018328831
0.851120667372479 0.10525941324143438 0.04361991938608661
0.9298161832009414 0.022543222825877566 0.04764059397318099
0.8264449265478528 0.1312121028989176 0.0423429705532296
0.8521955489057588 0.1041539932891095 0.043650457805131875
0.9269146096833416 0.02560739306756186 0.04747799724909649
0.8552804442862201 0.10090132651070796 0.04381822920307186
0.9286029502457308 0.023794370093353875 0.04760267966091531
0.8653620248946609 0.0902462479395484 0.0443917271657907
0.849204483490324 0.10710224860647016 0.04369326790320584
0.9515258680948893 0.00034849842237899835 0.0481256334827319
0.953165153070199 0.0006337082160365639 0.046201138713764515
0.9427948262422676 0.01158748638005296 0.04561768737767935
0.9340961645300915 0.01883476920120936 0.0470690662686993
0.9263905537157497 0.026924974338021712 0.04668447194622859
0.9521937463448009 0.00047513501187240455 0.04733111864332668
0.9489850202156398 0.0033538743757987473 0.04766110540856157
0.9473690054632274 0.005120747328416079 0.0475102472083563
0.9533053473386127 4.3987086024247124e-05 0.046650665575363126
0.9517844801818283 0.0001400947170138314 0.04807542510115785
0.9514639306025282 4.6930230161675634e-05 0.04848913916731005
0.9509915804794132 0.0005387565550996725 0.04846966296548725
0.9518913732879382 8.662013956554607e-07 0.048107760510666356
0.9514320548542203 5.433530689508263e-06 0.04856251161509021
0.9517395584215881 5.806772459687993e-07 0.04825986090116586
0.9516166724293788 8.428696343333532e-08 0.04838324328365781
0.9518806052990776 1.1426942135464486e-05 0.04810796775878704
0.9516293671858544 1.6962046656024087e-05 0.04835367076748959
0.9517259623312095 3.254681537304798e-06 0.04827078298725317
0.9517050584954589 1.5950309216187355e-05 0.04827899119532471
0.9517570446600931 1.0905266725168624e-06 0.04824186481323428
0.951756843496311 8.116007694616705e-07 0.048242344902919586
0.951729515766447 4.2612381526345597e-07 0.04827005810973767
0.9517345817790617 8.714219238075552e-07 0.048264546799014554
0.9516377059799374 0.0001267737648076382 0.04823552025525504
0.9516862320161429 9.88643923145049e-05 0.04821490359154261
0.9515938036328025 0.00020177684907485364 0.04820441951812268
0.951586928687358 0.00021404104540364655 0.04819903026723844
0.9515994535885496 0.00020247485177850609 0.048198071559671915
0.951575218616847 0.00022748476571897804 0.04819729661743397
0.9517829600897282 1.197419106289828e-05 0.048205065719208885
0.9517379896648706 4.578255106635711e-05 0.04821622778406321
0.9515049788038328 0.000300743885449316 0.048194277310717897
0.9517497743180174 4.524119231568219e-06 0.048245701562751014
0.9516596501739218 0.00012968122360706852 0.048210668602471106
0.9514123992146346 4.516105762814511e-05 0.04854243972773718
0.9541647524666355 4.696574988710386e-06 0.045830550958375876
0.9508923494234034 4.97173030426435e-05 0.04905793327355405
0.9524032070862246 8.239395572475888e-05 0.04751439895805056
0.9510075008807883 0.00018951171165198193 0.0488029874075596
0.9595025517000678 2.1420056886627155e-05 0.04047602824304551
0.9439652804496342 0.004091351639452975 0.05194336791091271
0.9577194525758881 0.000591401181626737 0.041689146242485195
0.9546081632454833 0.006558403215560534 0.03883343353895628
0.9704959276943352 0.00015943731992389877 0.02934463498574083
0.8364498383250287 0.09861064459326987 0.06493951708170141
0.7647862871131882 0.1767348323539591 0.05847888053285271
0.8837161335545035 0.05371780259889717 0.0625660638465993
0.8961078160391629 0.04543131919712115 0.058460864763715835
0.524968386004249 0.42905429446199456 0.045977319533756444
0.9506509670302621 0.013172981685783179 0.0361760512839547
0.2701367447844299 0.7038792640408623 0.025983991174707833
0.013606797927476405 0.9825090622423802 0.0038841398301434652
0.008753052573785535 0.9888381048088726 0.002408842617342028
0.02080594911871786 0.975247319776322 0.003946731104960148
0.00684495506050333 0.9924766290442063 0.0006784158952904143
0.16848678657957092 0.8169606885500147 0.01455252487041431
0.007903843566658138 0.9909941588008632 0.0011019976324787145
0.0013559940087726292 0.9981667412158158 0.00047726477541169945
0.003175476341620062 0.9952910106213704 0.0015335130370096259
0.0021245718031269755 0.9967446228797368 0.001130805317136285
0.0011925380721220153 0.998002915208032 0.0008045467198460735
0.0011924552733563137 0.9978679535120916 0.0009395912145521721
0.05110202003621926 0.8433749434420511 0.10552303652172955
0.0059548335805332375 0.9745403658456695 0.019504800573797342
0.0008328722889174819 0.9969583938320721 0.0022087338790105
0.0035532912618139122 0.9824468114589544 0.013999897279231649
0.0012565872594739627 0.9931607663494462 0.005582646391079851
0.0009640461623731998 0.9825787326993096 0.016457221138317227
0.001030059865007155 0.9827772771008162 0.01619266303417664
0.0069677481848287245 0.7512654139897088 0.24176683782546252
0.006920615504471992 0.6946240194106656 0.29845536508486237
0.0022404907946529354 0.8667953291513212 0.1309641800540259
0.002802183405906379 0.828183307381983 0.16901450921211067
0.008299283783090574 0.5719927643686399 0.41970795184826953
0.07818152225354628 0.000842420999526097 0.9209760567469276
0.1181223128867557 0.002750582830612217 0.8791271042826321
0.06139871309957296 0.055692149120207216 0.8829091377802197
0.0341736707676857 0.020865350008495525 0.9449609792238188
0.04425592546806734 0.0009356086238213098 0.9548084659081113
0.04875939158915872 0.01071053920673231 0.940530069204109
0.043589429120878806 0.0008342665548193126 0.955576304324302
0.0433480423599094 4.778691308185909e-06 0.9566471789487824
0.0363438876008829 2.556545729605069e-06 0.9636535558533875
0.0342688829758749 8.795174446767787e-05 0.9656431652796574
0.05340148935958494 0.000705342832188444 0.9458931678082266
0.04891209674006448 0.00017033025742355532 0.950917573002512
0.05152881901653695 0.00037155117976276573 0.9480996298037003
0.0478540841898456 0.0002861751582411864 0.9518597406519131
0.044627842272384664 0.00010956392966238089 0.955262593797953
0.04869276260546024 0.002387855723517599 0.9489193816710221
0.0404803931023402 0.14288392647856274 0.8166356804190971
0.049144068858497855 0.2889604514504253 0.6618954796910769
0.025573520775536568 0.6446295373318597 0.32979694189260367
0.057242512146865654 0.6687100530051924 0.2740474348479419
0.024101181646443745 0.921865934703131 0.05403288365042539
0.025153609161399196 0.9454621187908989 0.0293842720477018
0.10006818570842865 0.8350837264721411 0.06484808781943026
0.02166727287389971 0.9704581906209936 0.00787453650510681
0.02412941635011031 0.9682909564337998 0.00757962721608986
0.14076776547905254 0.8466695655451271 0.012562668975820243
0.015693839683131847 0.9830446726541164 0.0012614876627516218
0.01398071770983546 0.9853997119602469 0.0006195703299176053
0.4940856594788497 0.4796085808610765 0.02630575966007392
0.02523521343283742 0.9736157371870091 0.001149049380153414
0.013913893961978773 0.9857950290575772 0.00029107698044400184
0.5433066796404447 0.4443112738586927 0.012382046500862564
0.09475360122370338 0.9033041560269015 0.0019422427493949598
0.013971511612202208 0.9857669570669627 0.00026153132083505087
0.03523211521629215 0.9640886868146631 0.0006791979690447798
0.0960998573023909 0.9019817631897729 0.0019183795078362748
0.05404500376400948 0.9448527036969794 0.0011022925390111948
0.058517458013734584 0.9404606194811216 0.001021922505143892
0.09972377031471506 0.8983941055853343 0.001882124099950701
0.026340771436448775 0.9732416178050134 0.00041761075853782094
0.046104726902882386 0.9535854900777445 0.00030978301937304234
0.14395415932781797 0.8555527094929628 0.0004931311792192045
0.6843580002236515 0.3142766083720417 0.0013653914043070476
0.9959803992341818 0.0033479866214820163 0.0006716141443362214
0.9982086948490503 0.0011313999131192698 0.0006599052378305646
0.9718572558908114 0.0265121146751639 0.0016306294340247194
0.9936806299450129 0.004974101600195026 0.0013452684547921195
0.9831009472908924 0.014974438541838046 0.0019246141672695383
0.9993428899207195 1.7650166444585086e-05 0.0006394599128359435
0.998825178583971 0.00029041010831404746 0.0008844113077150069
0.9991609732469935 1.0051634268202888e-05 0.0008289751187383547
0.9981657491641571 0.0004280411984508361 0.0014062096373919815
0.997612537410449 0.0010323787518478828 0.0013550838377030991
0.9978248213037245 0.0007775914544307357 0.0013975872418447125
0.9976369687500269 0.000976713156907015 0.0013863180930660094
0.9983851521548793 0.00022365799292745243 0.0013911898521932016
0.9985975376506854 1.1981772411700467e-05 0.0013904805769029633
0.9979498256986543 0.0006633415158334982 0.0013868327855120878
0.998117763074803 0.0004951984356931273 0.0013870384895036563
0.9984321062120586 0.0001803502879627451 0.0013875434999786986
0.9986035679108354 8.519061134135773e-06 0.0013879130280304542
0.9985140190468509 9.804731142112873e-05 0.0013879336417279456
0.998401125876899 0.00021080159580640241 0.0013880725272945812
0.9986088184457955 3.055504446510793e-06 0.0013881260497580013
0.9986103233508695 1.4157104888438496e-06 0.0013882609386416127
0.998610931639121 1.6791029640589487e-07 0.0013889004505826747
0.9986060607328238 5.289228890748821e-06 0.0013886500382854195
0.9986104898202216 5.862259538273393e-07 0.0013889239538245877
0.9986098832793406 1.072596212138291e-06 0.0013890441244473154
0.9986106554474068 5.8103474042838823e-08 0.001389286449119111
0.9986110963798335 4.604659198967192e-09 0.0013888990155074034
0.9986107021984422 1.403949759835254e-07 0.001389157406581891
0.9986106929780095 1.1799665984042954e-08 0.001389295222324451
0.9986106683705881 6.049465346447582e-10 0.0013893310244653674
0.9986106830145138 1.2032150446914998e-10 0.0013893168651647188
0.9986106909705302 9.724802824784402e-12 0.0013893090197449759
0.9986107574904702 1.7522130425058415e-10 0.001389242334308396
0.9986106974234429 8.43285658932129e-12 0.0013893025681242024
0.9986107583180721 3.164934581889547e-10 0.0013892413654344377
0.9986107227844985 1.3258201872511644e-12 0.001389277214175781
0.9986107241817171 1.5263741569821593e-13 0.0013892758181302588
0.9986107244147727 2.0060044158015295e-14 0.0013892755852072843
0.9986107272112624 9.602821277411475e-14 0.0013892727886415045
0.9986107271265908 8.205423420358439e-15 0.0013892728734009915
0.9986107272705412 2.4642265051866264e-15 0.0013892727294562786
0.9986107273613256 8.069263204889671e-15 0.0013892726386663084
0.9986107261250048 2.792725366881821e-17 0.0013892738749951808
0.998610723019468 7.096475797754263e-18 0.001389276980531934
0.9986107177550432 1.10993156112469e-15 0.0013892822449557301
0.9986104290715432 3.524678136738313e-16 0.001389570928456491
0.9986099405076968 2.2366017827995176e-15 0.001390059492300957
0.9986070099253079 7.148158799673853e-13 0.0013929900739773342
0.9986057402802035 4.150791154608467e-12 0.0013942597156457073
0.9986132172516804 3.274003139976497e-09 0.0013867794743164994
0.9986015049145535 8.726232354050285e-10 0.0013984942128232338
0.9986094857064673 9.637091507568651e-09 0.0013905046564411398
0.9986034638734014 2.366770454446657e-09 0.0013965337598282586
0.9986005635695544 2.4184269333710464e-08 0.001399412246176192
0.9986338247737199 3.5148224379617164e-07 0.0013658237440362633
0.9986051108189473 5.254500424208912e-07 0.0013943637310102992
0.9985910999059234 2.7195176438843705e-05 0.001381704917637758
0.9985690060916537 6.84765439740798e-05 0.0013625173643722894
0.9985832804685193 6.260587703420524e-05 0.0013541136544465433
0.9985609631572991 0.00010568605008056877 0.0013333507926204114
0.9984331538477005 0.00024467844808302296 0.0013221677042165696
0.9986675441543745 1.2662774437543804e-05 0.0013197930711877995
0.9981734659275802 0.0005087363001943519 0.0013177977722255436
0.9984773082551099 0.00020586640347009135 0.00131682534141986
0.998375108674068 0.0003095994893921019 0.0013152918365398243
0.9978773529918458 0.0008083758678879458 0.0013142711402663926
0.9978716622334278 0.0008142113679867131 0.0013141263985854332
0.9986330500397845 5.313372931726542e-05 0.0013138162308982374
0.9980927281861713 0.0005844905897142787 0.0013227812241142958
0.998411916905502 0.0003906859361550195 0.0011973971583429707
0.9985143536027627 0.00011911907978663027 0.001366527317450552
0.9978920708287148 0.0008151917021395375 0.0012927374691455587
0.9984837507598363 1.5528776213368145e-05 0.0015007204639502676
0.9969048431841706 0.001783140763275022 0.0013120160525542642
0.991134014366852 0.006861483843421857 0.0020045017897260767
0.9990457472958323 0.00010741955681046421 0.0008468331473571646
0.9823162228378683 0.01612802696178619 0.0015557502003454601
0.9936510494894948 0.004620222871963596 0.0017287276385416943
0.9968979556224465 0.0014274980596900874 0.0016745463178633108
0.6512163445735707 0.3478404923476058 0.0009431630788235177
0.8159359284737597 0.1830986130133657 0.0009654585128745111
0.5972367216214981 0.4014756990908087 0.0012875792876930192
0.20662191129238183 0.7930692157482353 0.00030887295938294165
0.03192576242800503 0.9678957706356518 0.000178466936343228
0.11147927472385566 0.8878094494085815 0.0007112758675627196
0.0024428050070315834 0.9974848185372227 7.237645574571622e-05
0.0008885858743931851 0.999053419672524 5.799445308270888e-05
0.0002493459534906579 0.9997116794596261 3.897458688330349e-05
0.0002749218254009997 0.9996292655000741 9.581267452487413e-05
0.00011440583793873691 0.9998466148906107 3.897927145072938e-05
3.077032189344038e-05 0.9999487220247696 2.05076533370857e-05
2.4974743340427435e-05 0.9999629440907704 1.2081165889212498e-05
8.221262553090537e-05 0.9998946770309216 2.3110343547520222e-05
1.7559885265530514e-05 0.9999752521394522 7.187975282366039e-06
1.7720367787417085e-05 0.9999268801111614 5.539952105109043e-05
1.3938591096131612e-05 0.9999162971050496 6.976430385425817e-05
3.742027782883497e-05 0.9985430466749703 0.001419533047200908
8.423281956739986e-06 0.9992903455714739 0.0007012311465694118
5.176173960742336e-05 0.9891126336988916 0.010835604561500957
4.190354407821713e-06 0.9955418865828393 0.0044539230627528474
4.146834172768613e-06 0.9917438240397036 0.008252029126123678
1.74084687821381e-05 0.9746496484108592 0.025332943120358577
0.0001095303455358713 0.8060327545537586 0.19385771510070562
7.235116628302263e-05 0.8748041365734425 0.12512351226027454
0.00021404652072123264 0.7790139449339372 0.22077200854534154
0.0006410675957444128 0.34848984994085286 0.6508690824634027
0.0005757931024249715 0.4073931466516181 0.5920310602459569
0.0009092391114926624 0.0977223191430819 0.9013684417454254
0.0007263869068719126 0.5465131797880396 0.4527604333050885
0.0002335590923819502 0.7475239851848665 0.25224245572275167
8.210067615582276e-05 0.9606075137586534 0.039310385565190654
9.937258232088414e-05 0.9490313653987628 0.050869262018916374
7.567675043933319e-05 0.9769582116668165 0.022966111582744166
3.5659142646694294e-05 0.9930364778104099 0.0069278630469434615
0.00017092176102813167 0.9776496098304874 0.022179468408484462
2.8355999836425484e-05 0.9992059595792229 0.0007656844209406516
3.885022954597366e-05 0.9989884539298355 0.0009726958406185877
8.204070350331243e-05 0.9981979968594547 0.0017199624370420874
4.732923571471875e-05 0.9988632370322483 0.0010894337320369021
7.318309841128847e-05 0.9987824279847125 0.0011443889168761831
0.0013905570786926123 0.9888642026714517 0.009745240249855675
0.00032053225411314004 0.9984606682502105 0.0012187994956763175
0.015516236595673081 0.9717877245107485 0.012696038893578508
0.005269171444656866 0.9925416512298868 0.0021891773254563186
0.3179017807761236 0.6477182964542507 0.03437992276962571
0.004855659909483536 0.9943052896048219 0.0008390504856945337
0.031216654346558795 0.9664962261716775 0.0022871194817636335
0.16155716703555173 0.8328581752074489 0.005584657756999386
0.0902051600208914 0.9084461748265485 0.00134866515256005
0.08346817962510435 0.9153068074852562 0.0012250128896394467
0.208762233135042 0.7883594006201458 0.002878366244812192
0.39678657266634976 0.5987951649300601 0.004418262403590055
0.29304067535891504 0.7044431397143455 0.0025161849267394737
0.9935666803821607 0.002785943521590164 0.00364737609624911
0.9975971403784594 0.00011135228046124982 0.0022915073410794133
0.9980567746789504 0.0001262241441421258 0.0018170011769076079
0.9970571463256268 0.0005624216390771395 0.0023804320352959927
0.9916787963087978 0.0028084746996860995 0.005512728991516002
0.9951903968070929 0.0004789339172538524 0.004330669275653243
0.9956559630821162 0.00031129692168560357 0.004032739996198234
0.9962593687903225 1.9431247142817847e-06 0.0037386880849632695
0.9952087659776007 1.2585966189410414e-08 0.004791221436433145
0.996913435621009 6.795982665947659e-09 0.0030865575830083306
0.9959884193393624 3.148621275464706e-07 0.0040112657985101295
0.9957887528202116 4.5575111559708035e-05 0.004165672068228613
0.9958324435124721 2.003164217243139e-06 0.004165553323310671
0.9958350680617226 2.0567949270508824e-06 0.004162875143350261
0.995738750242734 9.316496083522308e-05 0.004168084796430781
0.9958164590084725 1.705253492899864e-05 0.004166488456598467
0.9958316482930025 2.295058823456237e-06 0.004166056648174032
0.9958030021649253 3.181956078448981e-05 0.0041651782742902635
0.9951106269924924 0.0007277159050323784 0.0041616571024753555
0.9958129401353605 2.288327797490928e-05 0.004164176586664582
0.9956978439496108 0.00013833510559968826 0.004163820944789449
0.9950236553091295 0.000815384135129281 0.004160960555741167
0.9957776114072511 5.82860834550817e-05 0.004164102509293829
0.9948933924422949 0.0009461981651140793 0.004160409392591057
0.9948794881279974 0.0009601592882367138 0.004160352583765809
0.9958214467249069 1.4223648159784273e-05 0.004164329626933355
0.9949515955316395 0.0008876746656683531 0.004160729802692161
0.9949512946527895 0.0008878411045367942 0.004160864242673658
0.9954451780347301 0.00039191164372103676 0.004162910321548851
0.995446703841334 0.0003867385194238487 0.004166557639242043
0.9958090583690692 1.5067949751050461e-05 0.00417587368117979
0.995759784490773 5.3358956125485764e-05 0.004186856553101589
0.9957853628598227 2.53445758237598e-05 0.00418929256435347
0.9949962321633384 0.0007926933208439719 0.004211074515817624
0.9950509460300286 0.0006911876268613308 0.004257866343109943
0.9957585597947328 1.3744691448015502e-05 0.004227695513819221
0.995631237502003 5.96874253610371e-05 0.004309075072635961
0.9953553048367257 0.00036712888441498687 0.004277566278859394
0.9954621490981121 0.00019111730619586319 0.004346733595691965
0.9956769513703961 1.1191671952412353e-06 0.004321929462408576
0.9955184166331207 5.6805394645805925e-05 0.004424777972233535
0.9958954971852516 2.305989215431591e-07 0.004104272215826794
0.9956171740045681 2.737656097570781e-07 0.00438255222982215
0.9954521703349664 3.7155802987526353e-08 0.0045477925092305615
0.995461370144786 7.646151983575437e-08 0.004538553393694117
0.9958362526624503 0.00017599023230598302 0.003987757105243716
0.9952936421068667 5.004167888342018e-05 0.004656316214249861
0.9954721216646316 0.00038279969405060547 0.004145078641317781
0.9110782102207836 0.0830919271964188 0.005829862582797626
0.9945785212035619 0.003452737441049235 0.0019687413553887536
0.8547319251663896 0.13914889183751417 0.006119182996096221
0.9916727188134901 0.00637849284660481 0.0019487883399051124
0.9222636989044558 0.07408024706907687 0.003656054026467256
0.740442575093975 0.25616560832344865 0.0033918165825762596
0.7581403340527804 0.23937615812949348 0.002483507817726163
0.43388893268822326 0.5645879058535068 0.0015231614582700355
0.5615119291655292 0.4372010749059536 0.0012869959285171427
0.50284000150589 0.4960959371203588 0.0010640613737511084
0.24640805877856403 0.7530820877342298 0.0005098534872061917
0.03529168006968719 0.9645697877793125 0.00013853215100029058
0.0021442634580002727 0.9978295201702888 2.621637171078829e-05
0.0007813955790042755 0.9992040444214055 1.4559999590242671e-05
0.0008789220900077266 0.9991059183264945 1.5159583497743616e-05
0.0004918164971518295 0.9994992364497163 8.947053131889902e-06
0.00044524012259884407 0.9995425976601243 1.216221727688622e-05
0.0020767325615597483 0.9975281672399455 0.0003951001984947474
0.003923317694617257 0.9913705133891979 0.004706168916184819
0.0020319906396236162 0.9959974941404854 0.001970515219890943
0.00038555842920718155 0.9990556578261085 0.0005587837446843586
0.00032412337184733325 0.9988692387567185 0.0008066378714341605
0.0013765912796210554 0.9848990508536216 0.013724357866757393
0.0003390626788567635 0.9830991038976444 0.0165618334234987
0.0003086789798408186 0.9802558483761263 0.01943547264403274
0.0014318199216557435 0.8742869560040724 0.12428122407427188
0.0002506748966503348 0.9575170808350744 0.042232244268275286
0.0007624433943092155 0.8505147220817513 0.14872283452393953
0.002672180270657375 0.6961085122646926 0.30121930746465003
0.0013400407798426378 0.7964975827672095 0.20216237645294782
0.004829509884007063 0.6605445946737116 0.33462589544228133
0.0018055055894206785 0.8371600875897968 0.16103440682078252
0.0016672609245520127 0.8547985027378153 0.1435342363376326
0.00634407529122854 0.0648138818201144 0.9288420428886571
0.0031366653374666252 0.1843947147813563 0.8124686198811771
0.0056993894299637565 0.05177567192909709 0.9425249386409392
0.004999904120714195 0.28775487282453693 0.7072452230547488
0.0017528210776015414 0.6057186461366798 0.39252853278571875
0.0048738328192379325 0.4755796406720865 0.5195465265086756
0.003049607568056716 0.6197127973573978 0.3772375950745454
0.00503569497846835 0.2962242187008693 0.6987400863206623
0.0016469624713811993 0.7678599055281659 0.23049313200045302
0.0031243847495092286 0.6153533206748796 0.3815222945756111
0.001649951199374403 0.7192132891098468 0.2791367596907788
0.004283182960197172 0.4649537789538608 0.5307630380859419
0.0052420526822081715 0.33576460697016297 0.6589933403476289
0.0022025935796838 0.7201696626036155 0.2776277438167007
0.0054027638279956144 0.3355830954024884 0.659014140769516
0.002285031952804252 0.7233778495436486 0.27433711850354725
0.0026910168310897305 0.7739133776288853 0.2233956055400249
0.01663280138744811 0.39193697639266856 0.5914302222198833
0.007102316797208003 0.7188746614245767 0.2740230217782154
0.013424855603248046 0.7126489460909192 0.2739261983058327
0.3876594991975968 0.09344813458398614 0.5188923662184171
0.29523316635666264 0.14963040198311728 0.5551364316602201
0.21313174288413503 0.07567510677175447 0.7111931503441106
0.19128405717950228 0.41665851463753373 0.39205742818296413
0.440092827809399 0.00019717692803359268 0.5597099952625673
0.5308093036238086 0.00020522929485383172 0.46898546708133754
0.4376955358092373 0.005867595828835268 0.5564368683619273
0.4443658450159094 0.0005320260083836466 0.5551021289757069
0.4446408052206855 3.4505872774920973e-06 0.555355744192037
0.687543812380002 6.638680968435924e-05 0.31238980081031364
0.5276460288891132 2.913622755180738e-05 0.47232483488333493
0.47402620234219783 2.8386920281203963e-05 0.525945410737521
0.5453404808767025 0.0001173459793903846 0.454542173143907
0.48506580993993786 0.00011318557573054104 0.5148210044843317
0.5056387068720702 8.894816683987026e-05 0.4942723449610898
0.5064255015391825 1.1099781520902517e-06 0.49357338848266546
0.5061035987665601 2.9675990992620762e-06 0.4938934336343406
0.5067205667435496 1.3846091469601652e-07 0.4932792947955357
0.5063089354394305 3.498007638616895e-06 0.49368756655293106
0.5063126248610628 5.074331623766871e-07 0.4936868677057748
0.5063122522232706 2.2556964169131222e-06 0.4936854920803126
0.5063143247609064 1.2070568860277711e-08 0.4936856631685246
0.5063514769142899 4.859735175500247e-08 0.4936484744883582
0.5063192548677354 8.763357748610766e-07 0.4936798687964897
0.5063142228886698 2.2270971724502746e-07 0.49368555440161294
0.5063187710435795 6.818762267858362e-09 0.4936812221376583
