inside membrane outside
0.9833352103229047 0.0 0.01666478967709532
0.9815287941822377 1.1331090241372504e-14 0.01847120581775088
0.9834913144935192 4.678427015849478e-15 0.01650868550647613
0.9844014932598913 2.4709774161589972e-12 0.015598506737637637
0.9782336707940847 6.323979986631626e-13 0.021766329205282865
0.9815287941790035 8.787253157367564e-12 0.018471205812209207
0.9883268680076491 1.2051681818962803e-13 0.011673131992230227
0.984401493260165 4.250062058322829e-12 0.015598506735584917
0.9761173570726014 4.5123967068103523e-13 0.023882642926947306
0.9761173570763643 6.927879371254345e-13 0.023882642922942957
0.9809533280597182 2.949872289742935e-11 0.019046671910782912
0.9809533278860764 7.066369396631343e-13 0.01904667211321702
0.980953328396548 4.8190412949135523e-11 0.01904667155526164
0.9809533285200599 5.852719187526513e-11 0.019046671421412937
0.9809533285893943 1.8399665787279522e-10 0.01904667122660899
0.9809533250087121 9.328284149492604e-10 0.019046674058459483
0.9809533351944801 3.044649610670917e-11 0.019046664775073337
0.9809533284461955 9.569955455526239e-11 0.019046671458104725
0.9809533283489349 2.451228770510611e-10 0.019046671405942385
0.9809533259264762 6.833567899996437e-09 0.019046667239955784
0.9809533072971126 2.3564668698983843e-08 0.0190466691382187
0.9809533389045499 8.81312276189029e-10 0.019046660214137753
0.9809533385760896 3.506278901460828e-09 0.019046657917631497
0.9809533395500586 5.289199090688332e-09 0.0190466551607422
0.9809533408543347 6.4911887725167205e-09 0.019046652654476588
0.980953337574676 1.1230314199625775e-08 0.019046651195009888
0.9809531780981493 1.741102201381698e-07 0.019046647791630535
0.9809531741620663 1.7864393453433056e-07 0.019046647193999112
0.9809533145510624 3.5634450930021124e-08 0.019046649814486706
0.9809531154164867 2.3868443071732366e-07 0.019046645899082622
0.9809531751684966 1.7776692331287477e-07 0.019046647064580195
0.9809532790009398 7.120044872524283e-08 0.019046649798611533
0.9809533262714938 2.061854757006224e-08 0.019046653109958667
0.9809532242500341 3.6360177976172448e-09 0.019046772113948247
0.9809535836541244 5.458735953956381e-08 0.019046361758516116
0.9809566233537855 1.5444934829827032e-07 0.019043222196866192
0.9809520863732601 2.4021955230010672e-08 0.019047889604784655
0.9809517615796167 2.3658469273035214e-08 0.01904821476191412
0.980944096257126 1.5288858994119046e-07 0.019055750854284056
0.9809516152035836 1.6414582873441152e-08 0.019048368381833485
0.9809406923683566 1.077801407070258e-09 0.019059306553842054
0.9810087641106271 8.768849916452042e-10 0.01899123501248805
0.9806516562604414 9.186152244271447e-09 0.01934833455340623
0.9826478245540494 7.515741191681267e-08 0.01735210028853856
0.9815576587280258 1.285093993450232e-06 0.01844105617798079
0.9797365797062466 8.280155860584624e-05 0.02018061873514761
0.9807847286368472 1.8946029561214412e-05 0.019196325333591606
0.9782240558783708 0.00013009691108286734 0.02164584721054621
0.9807800380121601 5.545245200276748e-05 0.019164509535837215
0.9847172636418461 5.009322247756206e-06 0.015277727035906175
0.9794245141769498 4.937872927764177e-06 0.02057054795012248
0.9795140554369851 9.957520973486522e-06 0.02047598704204141
0.9801855503035731 0.004714609300620235 0.015099840395806528
0.9797304807159931 0.006646894376709774 0.013622624907296968
0.9684735965546423 0.01982456436456637 0.011701839080791284
0.9596594448101716 0.029827633459751653 0.010512921730076735
0.9832791835038457 0.004931292360158089 0.01178952413599619
0.98696081244237 0.0005835646217327814 0.012455622935897361
0.9702840585092389 0.022618415036701554 0.007097526454059626
0.9388633877602318 0.05444940137945696 0.006687210860311137
0.938687595038991 0.05472319183139446 0.006589213129614475
0.963962212584345 0.029298052226238616 0.006739735189416344
0.9640525109422432 0.02920831232950565 0.006739176728251032
0.9597449975240551 0.03354593219719464 0.00670907027875037
0.9335059301885843 0.05996874162268147 0.006525328188734117
0.9879248460165412 0.0051686879925601035 0.006906465990898691
0.9517443812884424 0.04160159893883461 0.006654019772722995
0.9606199208662507 0.032649804630746085 0.006730274503003161
0.9879487784195107 0.005126145102702533 0.006925076477786778
0.9883014023940406 0.004766208719701662 0.006932388886257725
0.9775785469610531 0.015550040105804179 0.006871412933142842
0.95372632923719 0.039523121344869905 0.006750549417940168
0.9486155518209931 0.044548742971298814 0.006835705207708079
0.9898800003021984 0.0022219516310075984 0.007898048066793948
0.986153332107236 0.005755884594798818 0.008090783297965148
0.9706847744260751 0.020673445086746324 0.008641780487178603
0.9896125067945383 0.00037247605911739794 0.010015017146344354
0.9882768326818939 0.00021901807525597183 0.011504149242850138
0.9897435401709614 2.234308871483297e-06 0.010254225520167023
0.9878129231396929 1.0488867565668593e-06 0.01218602797355037
0.9873666113446694 6.422974008999468e-05 0.012569158915240512
0.9858355255044564 7.032891481696454e-05 0.014094145580726634
0.9884948492835287 6.185015061007008e-06 0.011498965701410253
0.9876233713212491 1.8722801777234836e-05 0.012357905876973592
0.9884349605438337 9.817366503721268e-07 0.01156405771951584
0.9879213893238459 3.9990878568503326e-08 0.012078570685275576
0.9881532328999793 3.866811439583379e-08 0.011846728431906357
0.9883524054045874 3.885776484432133e-06 0.011643708818928095
0.9882693204204386 1.206828378483767e-07 0.011730558896723487
0.9882662393500644 2.647966367427689e-06 0.01173111268356811
0.9882698511127184 7.666398180204588e-08 0.011730072223299765
0.9882685475447807 2.3092794549320664e-07 0.011731221527273775
0.9882655686400533 2.472063879805749e-06 0.011731959296066899
0.9882678029992255 6.039246292159288e-07 0.011731593076145321
0.9882667089961599 1.7286845265337725e-06 0.011731562319313387
0.988268294822935 1.2434150115647878e-07 0.01173158083556387
0.9882642344360267 4.23082547152107e-06 0.011731534738501722
0.9882677929598549 6.310098277282746e-07 0.011731576030317346
0.9882683507104303 6.718020092226809e-08 0.01173158210936871
0.9882648546549598 3.6050952998167015e-06 0.011731540249740472
0.9882654080890456 3.048543846473722e-06 0.011731543367108011
0.9882683727595016 5.838485421593271e-08 0.011731568855644277
0.9882683984063529 3.735084895043461e-08 0.011731564242798089
0.9882683458248197 9.505143671403521e-08 0.011731559123743508
0.9882673841300755 1.0546669465468398e-06 0.011731561202977973
0.9882683430210372 8.795636313818275e-08 0.011731569022599555
0.9882684403103086 2.9391065361459216e-09 0.011731556750584802
0.9882684095977051 2.014699802734442e-08 0.011731570255296862
0.988268443147801 1.181491350184276e-10 0.011731556734049868
0.9882684484768377 2.0778262591931312e-10 0.011731551315379602
0.9882684398599828 2.3104761269774528e-11 0.011731560116912454
0.9882684301730592 8.199738950382236e-11 0.011731569744943389
0.9882684292914744 5.450037687820298e-10 0.011731570163521807
0.9882684302282129 5.307974326930851e-10 0.011731569240989613
0.9882684312782726 1.860277958445715e-12 0.011731568719867119
0.9882684325205653 1.6396722049929533e-12 0.011731567477794982
0.9882684292662582 1.0763337518813736e-10 0.011731570626108422
0.9882684282399394 3.3435111146032424e-12 0.011731571756717064
0.9882685810853227 1.5325364498249757e-11 0.011731418899351946
0.9882684009717381 5.738105842815615e-11 0.011731598970880807
0.9882684573804267 1.47865269465853e-10 0.011731542471708017
0.9882688855717882 2.2873189940354737e-11 0.011731114405338533
0.9882683660302868 1.2308161137856697e-10 0.01173163384663165
0.9882705003052573 3.2568579897859465e-09 0.011729496437884667
0.9882750812660075 9.527499895793382e-11 0.011724918638717467
0.9882737750923111 1.1772064823614379e-08 0.01172621313562417
0.9882523425745134 2.795067442973893e-08 0.011747629474812076
0.988266080252525 1.4981166969806114e-09 0.011733918249358186
0.9882823814214212 2.973929421225463e-06 0.01171464464915755
0.9882692043856209 4.6659431746359843e-07 0.011730329020061603
0.9882836184779844 3.2104145300097737e-07 0.011716060480562642
0.9882643028193011 6.992242363782916e-07 0.011734997956462661
0.9882594299576458 1.8416516010187486e-07 0.0117403858771941
0.988255435506972 4.2416699044480486e-05 0.0117021477939836
0.9882654673633205 1.7712743861275764e-06 0.011732761362293346
0.9881954248257232 6.154204215330082e-05 0.011743033132123545
0.9883339892547993 2.5775891349199878e-06 0.011663433156065856
0.9882580901030281 2.7666497357860678e-06 0.01173914324723613
0.9879272816129162 0.00026172808762793456 0.011810990299456075
0.9883100529634379 7.158543887385069e-05 0.011618361597688214
0.988274682319686 3.5280676708307894e-05 0.011690037003605871
0.9882764104122401 3.985132715574728e-05 0.011683738260604091
0.9884045259972445 4.294171323681911e-05 0.011552532289518623
0.9812718899847842 0.007015567263260822 0.011712542751954954
0.9797830524937784 0.008622794268890184 0.01159415323733131
0.9869140646456678 0.0009058299175494258 0.012180105436782837
0.9732198355034123 0.014721674927561457 0.012058489569026226
0.9568121745508634 0.027485691809878737 0.01570213363925783
0.9639581557677397 0.023636925112836587 0.012404919119423775
0.9633253854186022 0.02590298118246732 0.010771633398930355
0.9628342298381228 0.026415384494845498 0.010750385667031733
0.9901502597124756 0.0007439637998011773 0.009105776487723179
0.9842052346727594 0.0064722183761549874 0.009322546951085541
0.9354789876574016 0.04862383818642637 0.015897174156172155
0.9925104448127917 0.0007032110544834049 0.006786344132724867
0.6889296164490231 0.30439132632776833 0.006679057223208588
0.9220568514732502 0.06566046976751425 0.012282678759235574
0.15445832146223284 0.8437867113072305 0.0017549672305365279
0.042655017401472296 0.9562560241715105 0.001088958427017247
0.04779229866483613 0.9498549530061805 0.0023527483289834863
0.01135417698529526 0.9865635700427088 0.0020822529719959344
0.0006807672487304637 0.9985559528142848 0.000763279936984856
0.00028085158487149004 0.9987182914574558 0.0010008569576726862
4.107710009510168e-05 0.99913912537244 0.0008197975274648544
2.9041079407067454e-05 0.9988782926135022 0.0010926663070907016
0.00012363113785109406 0.9963249126271315 0.0035514562350173425
3.572644330989312e-05 0.9981919787377538 0.0017722948189363395
0.00012029806486581348 0.9960110062682594 0.0038686956668747877
0.00012895071791624264 0.9940155990281128 0.005855450253971053
0.00013109066828491034 0.9915374322649224 0.008331477066792714
0.00035200167580140107 0.9880716515316601 0.011576346792538505
0.0004803603381154624 0.97753144906563 0.021988190596254446
0.0004896039902952451 0.9760454676653951 0.023464928344309636
0.0002865128377596317 0.9907713948585961 0.008942092303644263
0.00010113050744970426 0.9966795185394488 0.003219350953101542
0.0003376080522217549 0.9864996413606288 0.013162750587149443
0.0002491445959625377 0.9814440601322306 0.018306795271806894
0.0004375188245969356 0.9681948860039012 0.031367595171501894
0.007680946657843049 0.7173330250531083 0.27498602828904867
0.01708637934221712 0.008756049784612148 0.9741575708731707
0.008308988063150849 0.007692249960560931 0.9839987619762882
0.0058905808914557194 0.057054783493188634 0.9370546356153556
0.01107976740993005 0.09346567645781216 0.8954545561322578
0.015386801695834337 8.25057326821366e-05 0.9845306925714835
0.008964448569930823 0.0035464106957198076 0.9874891407343493
0.007995517338829493 0.003234861755316827 0.9887696209058536
0.007988450014618384 9.559587642791262e-06 0.9920019903977388
0.009079770085388142 0.00013017557630167368 0.9907900543383101
0.015214040416240282 4.053418725230297e-06 0.9847819061650345
0.006747079496807269 0.0006398665282799474 0.9926130539749127
0.006715546748703183 0.006358428994677035 0.9869260242566198
0.00444653583228569 0.005344587060136297 0.9902088771075779
0.005348118613838849 0.021858720728994745 0.9727931606571664
0.005710391028553759 0.0033421008066954914 0.9909475081647509
0.002561686146066504 0.08172798401661346 0.91571032983732
0.0026007438341717924 0.0402015983999574 0.9571976577658708
0.0037841190464998824 0.17269483762329382 0.8235210433302063
0.0023455753756948337 0.04369174373423986 0.9539626808900652
0.0043257007055468805 0.0024567172428223236 0.9932175820516308
0.001142016970645827 0.1843689987239186 0.8144889843054357
0.0003820118353977175 0.8730651078734711 0.12655288029113113
0.0007882382605296712 0.8416997753890906 0.1575119863503797
0.0003475901531676236 0.9464372592472176 0.05321515059961489
0.0005079054676252086 0.9702666312995777 0.029225463232797108
0.00021544956885434884 0.9878065208979745 0.011978029533171175
0.0007155828867153327 0.98489128859468 0.014393128518604517
0.0008326088407243096 0.9884598987041251 0.010707492455150494
0.00028351004856088063 0.9988408992890833 0.000875590662355944
0.0007030859570949076 0.997967048673383 0.0013298653695220449
0.00035495946922885793 0.9990677247782741 0.0005773157524969619
0.0002829667431513805 0.9995958357065495 0.00012119755029914632
0.0002909653147390116 0.9995836054453873 0.00012542923987362274
0.000353225329385959 0.9991233796523922 0.000523395018221802
0.0042453606093870505 0.9926083069823873 0.0031463324082256533
0.0031907763481122827 0.9936291532470519 0.0031800704048358308
0.0021355321423592614 0.9963911221459448 0.0014733457116958462
0.03137290905809256 0.9654707925159093 0.0031562984259981153
0.029741937793830043 0.9635578952430659 0.006700166963103929
0.10740092478801777 0.8777847143576266 0.014814360854355415
0.12104495196794561 0.8606001314813395 0.018354916550714737
0.027790201017195523 0.9691651816625385 0.003044617320265953
0.01744041530069349 0.9811722428539906 0.0013873418453159946
0.12464082627929483 0.8735706335692605 0.001788540151444608
0.9433884920705815 0.052517111807157874 0.0040943961222604935
0.9121545052476737 0.084953704742301 0.0028917900100253664
0.9735948584898182 0.02427631332223355 0.0021288281879482517
0.8864508811782374 0.11011497997106191 0.0034341388507007293
0.9182458028073781 0.07897426344898674 0.002779933743635109
0.9751186759975724 0.02135626204203584 0.0035250619603918766
0.9795262813505643 0.017956285487367853 0.002517433162067753
0.9984025994720064 0.0001822855269698348 0.0014151150010237867
0.9931703480684867 0.004709312446942428 0.0021203394845708597
0.9983514569647343 0.00019577595371606684 0.001452767081549611
0.988633157545974 0.008975067491194668 0.002391774962831353
0.9819148193036888 0.015700078845671678 0.0023851018506394514
0.9814799801729218 0.016143622078867836 0.0023763977482102036
0.9786240462949811 0.01903105556542696 0.0023448981395919654
0.9971276243455879 0.000525180742452356 0.0023471949119597667
0.9832726094576478 0.014362981167188206 0.002364409375164035
0.980126959530026 0.017521946480687646 0.0023510939892863393
0.985076051438351 0.012556162441332005 0.002367786120317114
0.9975389007922963 5.938817378172444e-05 0.0024017110339219047
0.997510331225418 9.941404982739943e-05 0.0023902547247546244
0.9969645437734371 0.0006347716682321941 0.00240068455833077
0.9932895042059818 0.004312685045006757 0.002397810749011407
0.9947927983985282 0.0028087740466222317 0.002398427554849608
0.9950718563546984 0.002528340395503822 0.0023998032497976125
0.9973512707318415 0.00024644392252107987 0.0024022853456373886
0.9975340230532298 5.9209652053346066e-05 0.0024067672947167573
0.9976046964193088 3.3947927130735193e-06 0.002391908787978109
0.9975818033524868 1.4265806405715005e-05 0.0024039308411073195
0.9975992075963511 1.3689669872208187e-06 0.002399423436661655
0.9975912381881543 6.679859071590973e-06 0.0024020819527740787
0.9975995978635988 6.338629189498072e-07 0.0023997682734822946
0.9975731929212607 2.424112611926436e-05 0.0024025659526200407
0.9975970443113209 2.8410367318912785e-06 0.0024001146519471977
0.9975989153075057 1.1650446245053923e-06 0.002399919647869838
0.9975975281991379 3.62492505674877e-06 0.002398846875805205
0.997603963523876 1.0582547760370515e-07 0.0023959306506464843
0.9975910241332365 1.1804556224792432e-05 0.002397171310538639
0.9976029231948906 2.8699798250011893e-06 0.002394206825284303
0.9975924340105423 1.7399319571377767e-06 0.0024058260575005137
0.9979274076134175 6.20308277100229e-06 0.002066389303811468
0.9979922281363578 5.19323772218397e-06 0.0020025786259200208
0.9972406419747708 2.336147933910954e-06 0.002757021877295294
0.997818765687708 6.135411897771246e-06 0.002175098900394256
0.9969251043306384 1.0643185690147134e-06 0.0030738313507926874
0.9976010758926938 0.0002621577692338401 0.0021367663380724307
0.99573444739056 0.0019353360442889167 0.0023302165651510978
0.9988323149931231 0.0002344525042159427 0.0009332325026609245
0.9665699805602085 0.03161361813727309 0.0018164013025183852
0.9960007804531219 0.0005233802394565686 0.003475839307421561
0.5865233140435203 0.411072220013594 0.0024044659428857722
0.5606582532920823 0.43709123888431134 0.002250507823606364
0.18047538240793018 0.8187827123253567 0.0007419052667130803
0.3497770583277085 0.6488617480369074 0.0013611936353841718
0.10916791839586923 0.8903790109984309 0.0004530706056999176
0.8165965807928671 0.18175395901007724 0.001649460197055633
0.3364916989704998 0.6620774788589469 0.0014308221705532612
0.0026214068082588316 0.9972762742499974 0.00010231894174359256
0.0004880830880275978 0.9994471480445675 6.476886740492161e-05
5.0390519288691e-05 0.9999224979576048 2.711152310655676e-05
1.259757841291859e-05 0.9999772859227503 1.0116498836761155e-05
3.703611274535953e-06 0.999987452326251 8.844062474550439e-06
1.5280937838776242e-05 0.9998702786719421 0.00011444039021913715
5.548422216271409e-07 0.9999923282020438 7.116955734604909e-06
2.838339007163128e-06 0.9998965464762025 0.00010061518479030414
2.2455013806342194e-07 0.999992311068044 7.464381817995756e-06
2.1261141895375725e-07 0.9999786462827497 2.114110583140985e-05
2.7198079210510333e-07 0.9999368471322326 6.288088697523612e-05
1.5361749565472712e-06 0.9995195037337287 0.0004789600913146574
7.738715223701256e-07 0.9997657787571607 0.00023344737131689917
3.871658658346598e-06 0.99860188621103 0.0013942421303118795
3.6728452376682267e-06 0.9977044944561962 0.0022918326985660945
9.042266622629556e-06 0.993266001170341 0.006724956563036354
3.692956167771723e-05 0.9866772782991856 0.013285792139136717
0.0003709492509175766 0.8508837810313608 0.14874526971772165
0.002154381832709419 0.14939279418252605 0.8484528239847646
0.0008330634289413298 0.7253001486310705 0.27386678793998825
0.00110170195113876 0.1678515798609181 0.8310467181879433
0.0009643254725123983 0.48003896314633643 0.5189967113811511
0.0015455675076689079 0.1734908579353176 0.8249635745570135
0.0005528602608986518 0.7676699697931123 0.23177716994598901
0.0001911186423530684 0.8220450259382844 0.17776385541936257
0.0006035403312550967 0.7304560826214316 0.2689403770473134
0.00010578462487154709 0.9320897505415086 0.0678044648336199
2.063811689899053e-05 0.9988107281605961 0.0011686337225047738
6.0366797510095995e-06 0.9996240822475299 0.00036988107271916594
3.990042154403838e-07 0.9999503898784093 4.921111737516941e-05
7.805251080565556e-08 0.9999947676634485 5.154284040623425e-06
3.2146892882597335e-08 0.9999998528190848 1.1503402233615083e-07
4.337723492617457e-08 0.9999999399437988 1.667896620192853e-08
6.74167590364208e-08 0.9999999265091851 6.074055825489651e-09
1.2796925907092976e-07 0.9999998605081385 1.1522602556883585e-08
2.8438900132310013e-07 0.9999996970164088 1.8594589964105414e-08
6.402520802945793e-07 0.9999993171263585 4.262156119038444e-08
5.173181005903768e-06 0.9999947493475585 7.747143562373619e-08
6.376018093693384e-05 0.9999343727272093 1.8670918537220739e-06
0.00011520753814078762 0.9998791859729955 5.60648886373768e-06
0.00012175712740942494 0.9998744349826254 3.8078899652330746e-06
0.0018325968392390482 0.9981289623828967 3.844077786428314e-05
0.004189409598623794 0.9957617729634831 4.881743789320876e-05
0.006571332131381659 0.9933547662504761 7.390161814216882e-05
0.04178751205676361 0.9580170421480529 0.00019544579518347726
0.09483298818948152 0.9047555270012504 0.0004114848092679624
0.9951737785874291 0.0033966663279169575 0.0014295550846538906
0.8716611726759398 0.12516999213570157 0.0031688351883586534
0.9976219819610375 0.001372993446275262 0.0010050245926872773
0.9985575220333546 2.4415282117892218e-05 0.0014180626845276226
0.9985825037464671 1.509976701436542e-07 0.0014173452558629087
0.9977153525392157 1.142942408179673e-06 0.002283504518376081
0.9978922757339048 8.670871431916295e-08 0.0021076375573808974
0.9964134088714234 2.807928016217312e-07 0.003586310335774957
0.9971213902323952 3.5760468492720694e-08 0.0028785740071362873
0.9979319158311161 3.359146380911553e-07 0.002067748254245746
0.9975796081135435 3.999734131426713e-08 0.0024203518891152006
0.9976777246423751 7.254584406322258e-08 0.002322202811780779
0.9977079202863118 1.601272236686267e-06 0.0022904784414514
0.9974660690599747 0.0002759458795991556 0.002257985060426234
0.9977120382068421 9.209605093546939e-05 0.002195865742222331
0.997397932167606 0.0004127209135451795 0.0021893469188487766
0.9972092740632262 0.000605966039217706 0.002184759897556105
0.9977758606618328 3.605057183287201e-05 0.0021880887663342195
0.9978028198386949 1.3690635669825831e-05 0.0021834895256352144
0.9971410692507264 0.0006888111733436104 0.002170119575929977
0.9970861435965742 0.0007439660761080734 0.0021698903273176385
0.9973338372789052 0.0004956462764097255 0.002170516444684905
0.9977502677641846 7.862775662569475e-05 0.002171104479189742
0.9970855349083825 0.0007447826399347729 0.002169682451682817
0.9978135463545724 1.5210436474202637e-05 0.002171243208953392
0.9967631292043219 0.0010685240569603517 0.0021683467387178692
0.9967720802634663 0.0010595634626182834 0.002168356273915437
0.9978114114309539 1.7867391257794233e-05 0.0021707211777884207
0.996852570095843 0.0009788899177025118 0.00216853998645441
0.997323508019603 0.0005067741732791366 0.002169717807117838
0.9976833798382448 0.0001454325625510766 0.00217118759920418
0.9973073369578139 0.0005187009923140408 0.002173962049872077
0.9978039381393119 1.4579584202258386e-05 0.0021814822764859732
0.99770782132208 0.00010206803557878232 0.0021901106423410925
0.9975668167862526 0.0002432071330759569 0.0021899760806715083
0.9973575688678595 0.0004348180695085 0.0022076130626318808
0.9974792593042453 0.00029296514671453035 0.0022277755490401688
0.9977135751688684 8.570387184584554e-07 0.0022855677924130437
0.9977122953920624 6.13643929794473e-07 0.002287090964007824
0.9977256484616213 2.4740900970937488e-05 0.0022496106374078257
0.997722878760983 2.7767259485441023e-06 0.0022743445130684495
0.9977197888206358 4.210451738346379e-06 0.00227600072762574
0.9977353431144689 9.740655047239632e-06 0.002254916230483901
0.9977314385836978 1.1158848516106127e-07 0.0022684498278171005
0.9977214404195682 9.060663009002042e-08 0.00227846897380167
0.9977238025265861 8.611367391921266e-09 0.0022761888620466495
0.9977116103265652 3.94395532227143e-09 0.0022883857294794356
0.9977436841124132 7.457361484491538e-08 0.0022562413139719773
0.998032285542171 9.377922619309771e-08 0.00196762067860288
0.9973847120624606 1.9173701875019216e-05 0.002596114235664392
0.9980405561181642 3.100104098122956e-05 0.0019284428408545468
0.9964331739711548 4.374694321923594e-05 0.0035230790856257887
0.9986233303285899 6.770737576263688e-07 0.0013759925976526187
0.9979646813187384 0.00012985463454413736 0.0019054640467175599
0.9981758654045092 0.0001090586522386163 0.001715075943252214
0.9056055401010785 0.09261592679852972 0.001778533100391791
0.8510638029545996 0.14582465791722876 0.0031115391281716716
0.9923693217759849 0.0066457629607929 0.0009849152632222026
0.894265794678855 0.10391606134546326 0.0018181439756818076
0.21967660732381164 0.7796212968324225 0.0007020958437657812
0.00983811487731643 0.9901324014359868 2.9483686696704188e-05
0.004447630752843413 0.9955368810719817 1.548817517487575e-05
0.012896574379413429 0.9870531461983455 5.027942224106123e-05
0.0005630817559224297 0.999436099194618 8.190494594483238e-07
0.0005800557059316117 0.9994188272486477 1.1170454206544863e-06
1.2885672673950681e-05 0.9999868966420089 2.176853172523249e-07
4.959688898766454e-05 0.999948841366286 1.5617447262617311e-06
6.644430312810259e-06 0.9999930454825576 3.100871296350398e-07
7.99168738516186e-05 0.9999160733151458 4.0098110026361e-06
6.221318036224032e-06 0.9999934534185625 3.2526340124949556e-07
4.30898846298107e-06 0.9999954530792063 2.379323306427437e-07
1.3201754112300975e-05 0.9999852996814105 1.4985644771341306e-06
3.221423729938186e-05 0.9999597999238089 7.985838891887971e-06
8.105730039318e-06 0.9999812455301579 1.0648739802639361e-05
6.4937934015718485e-06 0.9999870623114147 6.443895183802105e-06
1.1253346653011369e-05 0.9999622254485241 2.6521204823064917e-05
5.030787790256867e-06 0.9999254354983542 6.953371385546522e-05
7.690494981222802e-06 0.9985808278045003 0.001411481700518529
1.628142997372323e-05 0.9796408359264588 0.02034288264356741
3.549281184819484e-05 0.9658663232507283 0.03409818393742356
0.00014575286188156923 0.9479973738463756 0.0518568732917429
0.0005197018917279675 0.8590166882811707 0.14046360982710138
0.0006852268905606598 0.8277638908865144 0.17155088222292497
0.0015824262274075098 0.0005754291168155765 0.997842144655777
0.0017630496175255075 0.00048385537498700905 0.9977530950074875
0.0017647900410529683 0.00016834779082960623 0.9980668621681175
0.005984758715142069 5.820703034193597e-05 0.9939570342545161
0.0019819891232940503 0.0003728370520156589 0.9976451738246903
0.0015864807270680372 7.907660042468023e-05 0.9983344426725073
0.0012023868437884683 0.0022999122194387323 0.9964977009367728
0.0021281769305170413 0.09256388933466382 0.9053079337348191
0.0018218499869871478 0.11192180288378914 0.8862563471292237
0.0006523100440987421 0.9279855847042444 0.07136210525165688
0.0005086725266269098 0.9108005293191053 0.0886907981542678
0.0025324910062950482 0.684264579886848 0.313202929106857
0.0025458237664505883 0.7574000320061585 0.2400541442273909
0.0006296160242140131 0.9683627177898521 0.031007666185934025
0.0016409896914806957 0.9609530731348604 0.03740593717365885
0.0005649037147137369 0.9864514688419475 0.01298362744333896
0.00043353310325079127 0.9888461471117836 0.010720319784965513
0.0013974231276438602 0.9690254584709882 0.029577118401368115
0.00038430111986843325 0.9935878634998787 0.006027835380252617
0.0005509058912615508 0.990724236863368 0.008724857245370343
0.0028385314283380304 0.9543119604155799 0.042849508156082024
0.02134595273243227 0.6778972372461914 0.3007568100213763
0.014637024374165928 0.8017404098845914 0.18362256574124278
0.0006527828162183768 0.9910329529007497 0.008314264283031975
0.0005116356232024008 0.9937810694916835 0.005707294885114013
0.004199827430574101 0.9851534201877554 0.010646752381670465
0.001972067637854496 0.9899609412602818 0.00806699110186378
0.042859583774064576 0.8766873427218105 0.08045307350412492
0.0066943682427404215 0.9854267830183657 0.007878848738893858
0.033570352442023256 0.9485306849766294 0.01789896258134739
0.026524915911692266 0.9651837203880679 0.008291363700239685
0.2240730971677194 0.7569081167421157 0.01901878609016491
0.8847493244249824 0.09435205346198532 0.02089862211303214
0.9184419388866852 0.05374312906987614 0.027814932043438524
0.9599870461516343 0.02079811658497038 0.0192148372633952
0.9717252710569507 0.0006517520407254815 0.027622976902323806
0.9626155287851417 0.014467595329367715 0.022916875885490594
0.9731314491516014 0.0037694089809235777 0.02309914186747501
0.945897265994738 0.027940094049807743 0.02616263995545432
0.9592168606839926 0.01068982894478065 0.030093310371226704
0.9460308897320199 0.027333362001720412 0.02663574826625971
0.9802250793612668 3.131022954494663e-05 0.019743610409188126
0.9828989285384283 1.9109503306230842e-05 0.017081961958265435
0.9780868418121265 0.0002226634276082503 0.021690494760265376
0.9783102384090001 6.538745337771931e-05 0.02162437413762212
0.9786792509791987 3.0387194578696436e-06 0.021317710301343343
0.9785928850721478 6.204540786647411e-05 0.02134506951998564
0.9785873150050995 1.512232969271096e-05 0.02139756266520774
0.978632275352801 3.4670885044016643e-06 0.021364257558694685
0.9786075792432012 4.5285745221057855e-07 0.02139196789934669
0.9785805600254442 5.1968325651917184e-09 0.021419434777723203
0.9786481126703778 9.128306986332241e-10 0.02135188641679141
0.9786504258186668 4.249189670515909e-09 0.02134956993214354
0.9786504571996709 1.591669139900924e-10 0.02134954264116228
0.9786510724391644 3.656600991822682e-10 0.021348927195175654
0.9786509593330134 2.586381584120062e-10 0.02134904040834854
0.9786508085622545 2.3372178507834945e-10 0.021349191204023586
0.9786510529152699 5.810555059307559e-11 0.02134894702662465
0.978650905255982 8.301174257803745e-11 0.021349094661006197
0.9786509030671441 1.618665442219734e-09 0.021349095314190557
0.9786509101364433 3.958093842571919e-11 0.021349089823975678
0.978650896766045 1.2153259211096829e-09 0.02134910201862921
0.9786508823557784 8.013344823900802e-10 0.02134911684288715
0.9786508731012953 3.190690300752379e-09 0.02134912370801436
0.9786509386933143 6.312543323687562e-10 0.021349060675431217
0.9786508851229478 2.4317598945281074e-08 0.021349090559453162
0.9786504290720187 4.5944218376138825e-07 0.021349111485797618
0.9786507405049217 1.7072465448713416e-07 0.021349088770423616
0.9786509552471784 4.981566882314986e-08 0.021348994937152792
0.9786504665273994 4.2904714709892537e-07 0.02134910442545348
0.9786509410422028 4.5469833374278845e-08 0.021349013487963718
0.978650956720301 3.795371313251013e-08 0.021349005325985944
0.9786503843928553 6.041293923068324e-07 0.021349011477752283
0.9786503033170104 7.190213414307897e-07 0.021348977661648078
0.9786444678100948 6.7357532913597536e-06 0.021348796436613943
0.9786483040109467 2.8156088954350886e-06 0.021348880380157826
0.9786454251048773 5.75693124844752e-06 0.021348817963874257
0.9786509279694867 1.3403347314118746e-07 0.02134893799704006
0.9786453168911715 5.867504247230908e-06 0.021348815604581302
0.9786505574492631 5.125267398981509e-07 0.021348930023997
0.9786505784079796 4.910467295984156e-07 0.02134893054529064
0.978647730981556 3.4005748411054672e-06 0.021348868443602943
0.9786491152379029 1.9858895282346493e-06 0.02134889887256893
0.9786434906316948 7.732132716536411e-06 0.021348777235588715
0.9786432550156366 7.971515816954612e-06 0.021348773468546453
0.978645808641158 5.340636018410434e-06 0.021348850722823616
0.9786508230826996 1.7165123592724235e-07 0.021349005266064435
0.9786492184105512 1.7402512891991551e-06 0.021349041338159493
0.9786438944229048 6.909947536782425e-06 0.021349195629558487
0.9786497758005944 9.156878070611392e-08 0.02135013263062487
0.9786481688696588 1.6512245668578654e-06 0.02135017990577452
0.9786490815071499 8.304927785110316e-08 0.021350835443572247
0.9786487710015743 3.62313680615055e-09 0.021351225375288888
0.9786496190156958 7.294016417412815e-10 0.02135038025490267
0.9786487316212436 9.8548931862968e-11 0.021351268280207527
0.9786489450518141 3.3978661730077727e-10 0.021351054608399332
0.9786486728480914 2.584133225761937e-12 0.021351327149324386
0.9786489451337739 7.884679269085363e-12 0.021351054858341486
0.9786495293742052 1.4789977362092114e-13 0.021350470625647
0.9786489332482764 2.6524613670437054e-13 0.02135106675145839
0.9786491725479203 2.9689838557996087e-14 0.02135082745205013
0.9786489185883247 3.5811503351428106e-14 0.021351081411639525
0.9786489531457746 7.446403740138805e-13 0.021351046853480892
0.9786489538946759 3.816803649663694e-12 0.021351046101507253
0.9786489529411431 1.3934948353426508e-13 0.021351047058717546
0.9786489531031396 9.014424868360519e-13 0.021351046895959007
0.9786489530942677 1.426033524677968e-13 0.021351046905589692
0.9786489530985548 1.7018397822654987e-12 0.021351046899743233
0.978648953099527 8.776354069719594e-13 0.02135104689959539
0.9786489530995245 8.779481228064205e-13 0.02135104689959754
0.9786489530947061 5.772640932288253e-12 0.021351046899521272
0.9786489530995307 8.716155026343663e-13 0.02135104689959762
0.9786489530999557 4.261985449241859e-13 0.02135104689961803
0.9786489530995341 8.32824626435101e-13 0.021351046899633155
0.9786489531001364 1.150946294681298e-13 0.021351046899748503
0.9786489530993763 1.2273663239282568e-12 0.021351046899396334
0.9786489530998587 1.1187589706239106e-13 0.021351046900029334
0.9786489532638314 1.4721226584580033e-13 0.021351046736021416
0.978648953121321 1.5263316840833209e-13 0.021351046878526115
0.9786489527578833 2.3292151344169045e-13 0.021351047241883716
0.9786489590672893 4.966937493907577e-15 0.02135104093270569
0.9786489554584765 4.305583196908658e-15 0.02135104454151915
0.9786490372314568 2.2856318157415017e-14 0.021350962768520266
0.9786488510299728 1.00857962814743e-13 0.021351148969926532
0.9786487875552239 1.3595465452068995e-12 0.021351212443416517
0.978649378345368 5.010821131747823e-12 0.02135062164962111
0.9786486812362659 4.844653562554975e-11 0.02135131871528755
0.978649856852788 3.51031476528536e-10 0.02135014279618038
0.9786509379032996 9.268312452139546e-09 0.021349052828388036
0.9786490691991344 4.0392687288595546e-08 0.02135089040817822
0.9786178654486907 1.4541966800096924e-06 0.021380680354629297
0.9786399574721063 4.205861739078443e-08 0.021360000469276344
0.9786472560501082 1.102598508318352e-06 0.0213516413513836
0.978573268189008 7.112402859371841e-06 0.021419619408132633
0.9787255420475925 6.960439768307236e-06 0.02126749751263907
0.978446578901296 1.7482521147114307e-07 0.021553246273492508
0.9790538394648883 9.052622542707398e-06 0.02093710791256883
0.978442268158782 3.0949496197002186e-07 0.021557422346255968
0.9777929497978153 0.00010463099113234206 0.022102419211052316
0.9788979217689691 4.308776144742441e-05 0.02105899046958338
0.9792422091133443 0.0002082381735634916 0.020549552713092386
0.9799989660683914 5.628665949950292e-06 0.019995405265658576
0.9781106691066883 3.923626709733233e-06 0.021885407266601913
0.978567239835648 0.00043071283171888135 0.021002047332633063
0.9804407965743263 7.869384403097483e-05 0.019480509581642744
0.9677211294992928 0.014191242702415261 0.01808762779829193
0.9724627018112676 0.010388148606413336 0.017149149582319303
0.9722511377324817 0.010721665764012352 0.017027196503505773
0.9671516890972067 0.01594891400555617 0.016899396897237164
0.9788652777328235 0.004036840332886867 0.017097881934289617
0.9778567955998323 0.00506684608149363 0.017076358318674024
0.9702648805025775 0.012794218828025153 0.016940900669397373
0.9643817908176806 0.018780674771119707 0.016837534411199697
0.9777533061618394 0.005173961402082583 0.01707273243607799
0.9803070183589981 0.002576085389079425 0.01711689625192246
0.9777523058794525 0.005174342771825419 0.017073351348722145
0.982567983543184 0.00026979709302728076 0.017162219363788686
0.9803030503459228 0.0025793488864580935 0.017117600767619125
0.980299840182712 0.002583453626440316 0.017116706190847743
0.9699083685746508 0.01315372616054639 0.016937905264802777
0.9699155814300654 0.013148081286806489 0.016936337283128076
0.9803358756163898 0.0025482923099307414 0.017115832073679532
0.9761838802718185 0.0067733739161479735 0.017042745812033782
0.9684886281762257 0.014563078644835501 0.016948293178938725
0.980367350910854 0.002432570930134751 0.017200078159011232
0.9790115775463851 0.003732200777752075 0.0172562216758629
0.9724371532500397 0.01022242858845166 0.017340418161508577
0.977722107550687 0.004388319959545061 0.017889572489767868
0.98197161991743 0.0003180409437497956 0.01771033913882032
0.9818273916669447 1.41381499333809e-05 0.01815847018312198
0.981751461130864 0.00020266135897318956 0.01804587751016282
0.9821238618752565 2.061230435109322e-05 0.017855525820392536
0.982008475920568 3.457139333831319e-05 0.017956952686093857
0.982272888341079 1.6196836933250082e-06 0.017725491975227818
0.9820696612239201 7.143990927885023e-05 0.017858898866800848
0.9821394418664615 6.8094773165614025e-06 0.01785374865622184
0.9820450083098383 7.19051079651991e-05 0.01788308658219659
0.9821454239808167 3.174355115467809e-05 0.01782283246802857
0.9820085350690825 2.70582468803903e-05 0.01796440668403705
0.9820215018457403 1.4234701744869453e-05 0.017964263452514805
0.9819538365934403 7.274217570712696e-05 0.017973421230852583
0.9819482640267021 8.455635733459958e-05 0.017967179615963173
0.9820208053467177 1.1949962088303385e-05 0.017967244691194033
0.9820126615130395 1.9855675971866737e-05 0.01796748281098877
0.9820158317821859 1.619445220371317e-05 0.01796797376561029
0.9820313947314468 5.548633131073274e-07 0.0179680504052401
0.9820285620381839 3.188113849873987e-06 0.017968249847966286
0.9820060031811211 2.6303108494543348e-05 0.017967693710384224
0.9820048791949234 2.7235377168216424e-05 0.01796788542790846
0.9820291981490199 9.991335465667862e-07 0.017969802717433498
0.9820279324685527 2.95686213572854e-07 0.0179717718452338
0.9820286422218801 3.008830846477903e-08 0.01797132768981132
0.982027544408093 2.2456725794025695e-07 0.017972231024648993
0.9820220619812606 8.716321484052333e-07 0.017977066386590884
0.9820259787938149 3.6681779712013366e-09 0.017974017538007068
0.9820284026964934 3.1179663669567875e-09 0.017971594185540386
0.9820275550868719 2.3171702481709095e-08 0.017972421741425677
0.9820261604142831 1.8604938619370068e-07 0.017973653536330608
0.982024877250446 1.6546661205932566e-07 0.01797495728294209
0.9820242751705092 2.1309611392165007e-07 0.01797551173337695
0.9820268335191245 3.1329981498925654e-08 0.017973135150894107
0.9820268699614718 1.0433707842794064e-08 0.017973119604820318
0.982026888327611 7.544912894131263e-10 0.017973110917897737
0.9820267422666917 4.513143017781722e-08 0.017973212601878286
0.9820268435732096 8.238307623107871e-10 0.01797315560295969
0.9820268524886088 1.872501833216295e-09 0.017973145638889305
0.9820268463781137 5.696692329395801e-09 0.017973147925194093
0.9820267375922643 1.0864665701540132e-07 0.017973153761078785
0.9820267829189563 7.13970191088141e-08 0.017973145684024625
0.9820268556112247 2.300712722869129e-09 0.01797314208806253
0.9820268695256616 3.598193467476424e-09 0.01797312687614472
0.982026740593972 1.365309259395872e-07 0.01797312287510215
0.9820267362084851 1.4128830694353714e-07 0.0179731225032079
0.982026755111944 1.2133506745964735e-07 0.017973123552988548
0.9820267952917631 8.125867827387038e-08 0.01797312344955857
0.9820268168763467 5.8990745387968225e-08 0.017973124132907768
0.9820268461577527 2.7669326677139134e-08 0.01797312617292065
0.982026736057579 1.378494952216044e-07 0.017973126092925725
0.9820268714143547 2.5156411806149857e-09 0.017973126070004133
0.9820268480088078 2.4928937273091334e-08 0.017973127062254797
0.9820268701806514 2.2970022551085696e-09 0.01797312752234636
0.9820267231847366 9.905706319555699e-08 0.01797317775820025
0.9820268722235881 2.511092562638473e-09 0.01797312526531926
0.9820267374370084 1.5399275033067792e-07 0.017973108570241196
0.9820267180118357 1.219849713378555e-07 0.01797316000319306
0.9820268578926308 1.339442496934847e-08 0.017973128712944212
0.9820268357744628 5.1843188683309344e-08 0.017973112382348482
0.98202683581928 2.8081324977844754e-08 0.017973136099394885
0.982026868375079 5.376452420588327e-10 0.017973131087275867
0.9820268190584759 2.1076226911095164e-10 0.01797318073076177
0.9820268707818627 7.740670721802625e-09 0.017973121477466627
0.9820269507855419 4.303892344148542e-09 0.017973044910565655
0.9820265805750827 4.0785182421533503e-07 0.017973011573093063
0.9820268646650391 1.327843883140241e-07 0.017973002550572537
0.98202700600278 1.212809488646021e-08 0.017972981869125198
0.9820269638970731 2.6216283052903258e-08 0.017973009886643812
0.9820268547518392 1.8123574482074654e-07 0.017972964012415944
0.9820262638188881 7.257346899541597e-07 0.01797301044642193
0.982027094472891 1.7323552357974743e-07 0.017972732291585455
