inside membrane outside
0.8727711814078146 0.0 0.12722881859218538
0.8621151374161787 2.556785329992934e-10 0.13788486232814276
0.8797699407408371 2.057313320346207e-10 0.12023005905343148
0.8600032168028332 3.16672810598127e-07 0.13999646652435624
0.8942383006637628 2.0069536687138024e-07 0.10576149864087034
0.8621152071215982 7.195613130354034e-08 0.13788472092227047
0.862115207098806 7.242437932311936e-08 0.13788472047681477
0.9008186454032798 2.482620980457824e-08 0.09918132977051025
0.9010121980815733 9.269578616217054e-08 0.09898770922264051
0.8621152204440368 9.250324465039241e-08 0.1378846870527186
0.8739586856915836 1.2514133792728498e-07 0.12604118916707854
0.8739587511041477 3.061308448871221e-08 0.1260412182827679
0.8739587204959822 7.553279033007947e-08 0.1260412039712275
0.8739588771415621 8.607951826504512e-09 0.12604111425048614
0.8739586584908151 2.2657884217496367e-07 0.1260411149303428
0.8739587806442857 8.128458403215128e-08 0.12604113807113024
0.8739582049270078 4.952619869293507e-07 0.12604129981100523
0.8739588000232774 6.402294814133358e-08 0.12604113595377442
0.8739587603523694 1.2126060239839358e-07 0.12604111838702817
0.8739588944673655 1.4676500188405634e-07 0.12604095876763258
0.8739588930508352 1.471099117854571e-07 0.12604095983925315
0.8739579101438959 9.375050195240322e-07 0.12604115235108446
0.8739589071433372 2.613731896956033e-08 0.12604106671934376
0.8739588870789133 2.1802939174209535e-07 0.12604089489169507
0.8739576356131847 9.463271357700517e-07 0.12604141805967964
0.8739577490489179 1.2972136141619488e-06 0.12604095373746804
0.8739590257995945 1.0971142693456902e-07 0.12604086448897864
0.8739589021511307 2.3616999570733277e-08 0.12604107423186964
0.8739577277526204 7.827885094622009e-07 0.12604148945887023
0.8739590709733122 1.0659785862877854e-07 0.1260408224288292
0.8739591236352491 1.257319465774661e-07 0.1260407506328044
0.8739590843309187 1.0181784275021286e-06 0.12603989749065375
0.8739598258118764 3.8671281400621457e-07 0.1260397874753096
0.8739562837662641 4.916113904532325e-06 0.12603880011983143
0.873956062731488 5.466612268554903e-06 0.1260384706562434
0.8739605917021984 6.749542208900686e-07 0.12603873334358062
0.8739559811656592 5.998067758402866e-06 0.1260380207665825
0.8739594395297937 2.0689243455501855e-06 0.12603849154586078
0.8739601424422494 1.2709802363669e-06 0.12603858657751424
0.8739607985227784 5.565065271889501e-07 0.12603864497069428
0.8739608684677829 5.636979517868084e-07 0.1260385678342654
0.873960263199158 1.3034716675915535e-06 0.1260384333291743
0.873961367476823 1.3527803385227731e-07 0.12603849724514324
0.8739595962356611 2.301294132966523e-06 0.12603810247020578
0.8739596718210503 2.2314019398642623e-06 0.1260380967770098
0.8739596790588747 2.2282188012057134e-06 0.12603809272232397
0.8739596971104253 2.2086790542374748e-06 0.12603809421052053
0.8739578897356803 4.281458113353996e-06 0.12603782880620643
0.8739557247749343 6.74029799939874e-06 0.12603753492706635
0.8739615531065097 8.819716253164528e-08 0.12603835869632765
0.8739607888624834 9.820180719913658e-07 0.1260382291194445
0.8739605185936968 1.2778775199519051e-06 0.12603820352878317
0.8739553390267759 7.228881882122425e-06 0.12603743209134202
0.8739609585578114 9.029116900687757e-07 0.12603813853049856
0.8739612483269573 5.858951471671235e-07 0.1260381657778956
0.8739620155450298 1.8770655654832355e-07 0.12603779674841367
0.8739602017842341 1.8141888066943682e-06 0.12603798402695937
0.8739606005702161 1.3870085442986345e-06 0.12603801242123966
0.8739617877243525 9.56282912088946e-09 0.12603820271281832
0.8739619449625872 2.3054009565753276e-08 0.12603803198340321
0.8739618672959614 3.6722778422774045e-11 0.12603813266731592
0.87396221319019 1.806921026380692e-11 0.12603778679174085
0.873962322218789 3.574143820136341e-11 0.12603767774546945
0.8739619655906692 9.608862214349193e-11 0.1260380343132423
0.8739619011108942 4.382154573904068e-10 0.12603809845089037
0.8739619459027808 5.92593063813919e-11 0.12603805403796003
0.8739619345611583 3.1111115441596897e-10 0.12603806512773047
0.8739619303327907 8.244073076028273e-11 0.12603806958476846
0.8739619270366593 1.7469489543111566e-11 0.1260380729458712
0.8739619332111956 2.3562276590715094e-12 0.1260380667864481
0.873961935640161 8.094572268241892e-12 0.12603806435174456
0.8739619355916766 3.500080438181165e-11 0.1260380643733227
0.8739619356136722 1.469956516573612e-12 0.12603806438485785
0.8739619356271272 1.7368424418357802e-12 0.12603806437113596
0.8739619356177982 3.119201300947235e-11 0.12603806435100967
0.8739619356171867 1.8833706894181084e-11 0.1260380643639796
0.8739619356110888 1.2282826239762837e-11 0.12603806437662832
0.8739619355820907 1.998486052328417e-12 0.12603806441591076
0.8739619353157732 1.373147457643827e-10 0.1260380645469121
0.8739619356831846 2.1631696865109455e-11 0.12603806429518374
0.8739619345084111 3.3062699756919944e-10 0.1260380651609619
0.873961941174316 1.1576845723160902e-11 0.1260380588141072
0.8739619279095338 1.4355920420388053e-10 0.12603807194690708
0.87396195620835 4.520397818379956e-11 0.126038043746446
0.8739619602795015 1.4681208223951565e-11 0.12603803970581728
0.8739619427551131 7.668324469298157e-11 0.1260380571682036
0.8739619005585632 1.1851946270968108e-09 0.1260380982562423
0.873961932891276 4.747395827275575e-10 0.12603806663398445
0.8739619430359491 7.025749473742469e-10 0.1260380562614759
0.8739619637251991 2.8553489403495897e-10 0.12603803598926602
0.8739619447413493 7.590411166233684e-10 0.12603805449960973
0.873961969848214 1.2007088768184149e-08 0.12603801814469723
0.8739613387946911 7.411704936982922e-07 0.12603792003481526
0.8739609203277275 1.2341754669482611e-06 0.1260378454968055
0.8739618648784133 1.8056504124970425e-07 0.12603795455654543
0.8739608632619784 1.3204338937201691e-06 0.12603781630412775
0.8739611975002777 9.480734095810787e-07 0.12603785442631274
0.8739609344909376 1.2426593282363637e-06 0.12603782284973414
0.8739618690153039 1.8652692395469973e-07 0.12603794445777217
0.8739620059419538 1.9515491346775624e-08 0.12603797454255472
0.873961927361895 1.9290439170935193e-08 0.12603805334766582
0.8739622603306761 9.643725279446757e-07 0.12603677529679588
0.8739620434764223 1.2654644047899645e-07 0.1260378299771373
0.8739620751909571 1.3071098836509036e-07 0.12603779409805457
0.8739643148270558 9.073698694407402e-07 0.12603477780307476
0.8739644339606346 3.105290186645215e-07 0.12603525551034667
0.8739646622600165 5.438741998283655e-07 0.12603479386578378
0.8739620483829361 1.000201031533573e-07 0.1260378515969607
0.8739753161586531 1.484745092167492e-08 0.12602466899389594
0.8739803908321656 1.706869321377934e-08 0.1260195920991411
0.8739772940432874 1.6263216626996514e-07 0.12602254332454624
0.8739868044609318 8.784274737452734e-06 0.1260044112643308
0.8738539521373838 7.696143388819483e-05 0.12606908642872788
0.8738550466113068 8.316610767929102e-05 0.12606178728101392
0.8739624707063361 1.4374373089771649e-05 0.12602315492057403
0.8738622721676521 0.00012294346748519645 0.1260147843648626
0.8740166704998885 2.3596152126496196e-06 0.12598096988489893
0.8740067195275334 4.869320924664796e-05 0.12594458726322
0.8739746713602107 3.4419293873034126e-05 0.1259909093459161
0.8740048286222013 5.6392572179602253e-05 0.12593877880561913
0.8739901306972722 0.0001467178187491317 0.12586315148397859
0.8729858308460569 0.00129334820523219 0.12572082094871098
0.8740578186802789 0.00017674307727762642 0.1257654382424436
0.8741892366343288 0.00010819459496066717 0.12570256877071065
0.8730392432628329 0.0014241903595547099 0.12553656637761237
0.872797530507681 0.0017407182030748421 0.12546175128924406
0.870292839340309 0.0045482405250852126 0.12515892013460592
0.8736937768610338 0.0006795689178434892 0.12562665422112274
0.8720831136674816 0.002527925174685034 0.12538896115783332
0.8712568915990809 0.0034731106915719327 0.1252699977093472
0.8723662251672227 0.0022047839226899952 0.12542899091008727
0.8739389652124603 0.0004060720161906575 0.12565496277134905
0.870119605378227 0.004774917072265635 0.12510547754950724
0.8713327773057296 0.00338576020653366 0.1252814624877366
0.8713603037559385 0.0033466371966640912 0.12529305904739732
0.874177859934381 6.875575736087847e-05 0.1257533843082582
0.8732452951715022 0.0011277581624881405 0.12562694666600963
0.8725178122497019 0.0019294628563938407 0.12555272489390415
0.8741533023277027 5.390436675669671e-05 0.12579279330554072
0.8741087745342344 0.000160964502075489 0.12573026096369017
0.8736172005674299 0.0006645368648721833 0.12571826256769794
0.8723677700280416 0.0020371943121410916 0.12559503565981728
0.8725238393088964 0.001806686507430136 0.12566947418367344
0.8737940733144178 0.00019774745975253074 0.12600817922582966
0.8735680205275485 5.36030323563223e-06 0.12642661916921594
0.8735713808268567 5.086480518649938e-06 0.1264235326926246
0.8734194628709471 0.0001596161416494792 0.12642092098740354
0.873369670910377 0.00019702626291261672 0.1264333028267103
0.8733186858348732 0.0001457271957460998 0.12653558696938078
0.8734858769643912 4.920838109901308e-05 0.1264649146545097
0.8736410055906891 3.61264443352395e-06 0.12635538176487737
0.8735381396610281 1.0695463394931866e-08 0.12646184964350848
0.8735446935840717 7.78899207935176e-10 0.1264553056370291
0.8735572787908689 3.523712855250566e-08 0.1264426859720025
0.8736113836584268 8.439125689703798e-10 0.12638861549766062
0.8736209589813838 2.8069451530162147e-08 0.12637901294916468
0.8736310903077417 6.38342567778042e-10 0.12636890905391585
0.8736160984095864 5.483434261667325e-09 0.12638389610697925
0.8735872113691336 1.3505528321238053e-08 0.12641277512533797
0.8736163304794591 1.9988718136238015e-09 0.12638366752166907
0.8736171401205184 1.962597735283065e-10 0.12638285968322185
0.87361692804906 5.282844424965724e-10 0.1263830714226555
0.8736168909661727 8.68242255072218e-09 0.12638310035140465
0.8736168993426712 5.46103766464193e-11 0.12638310060271837
0.873616896814501 3.3106835719909348e-09 0.12638309987481536
0.8736168997792989 2.817534253892987e-10 0.12638309993894778
0.8736168985893139 1.0585017137490493e-09 0.12638310035218442
0.873616903153382 1.0066351573505928e-10 0.1263830967459545
0.8736169150936782 1.0821287896006066e-11 0.12638308489550049
0.8736169219109273 2.2955393354867572e-11 0.12638307806611726
0.8736168835737771 2.183366807163107e-10 0.12638311620788617
0.8736169304542061 2.88686271617033e-12 0.12638306954290704
0.8736170500425724 9.355488790162466e-13 0.12638294995649216
0.8736170850665803 2.519941546741555e-14 0.1263829149333944
0.8736173473856046 1.9427504972856112e-13 0.1263826526142012
0.8736181361675943 4.850280534318647e-12 0.12638186382755554
0.8736215233951242 8.616930199609449e-11 0.12637847651870657
0.8736171623593075 3.589667855566738e-07 0.1263824786739069
0.873605086109154 4.143552690425302e-07 0.12639449953557694
0.8736456465445857 1.5289261933893743e-08 0.12635433816615246
0.8736487811874137 2.4656483583667505e-08 0.12635119415610266
0.8736159926550838 4.047680923407159e-07 0.12638360257682377
0.873625224263369 1.623175119862183e-06 0.12637315256151127
0.8736282416261706 3.1738440506784856e-06 0.12636858452977873
0.8735480856329612 3.5660391823722584e-05 0.12641625397521516
0.8735843102925296 9.653576259165375e-07 0.12641472434984458
0.8734475846852278 5.7152333551309664e-05 0.12649526298122105
0.8735704852138684 3.36156226350661e-05 0.12639589916349664
0.8736210218411545 7.993658626877722e-05 0.12629904157257674
0.8728850275174986 0.0007680511987621032 0.1263469212837392
0.8733381160344037 0.00018482622963430937 0.1264770577359619
0.8738549575682499 4.017800585497464e-05 0.12610486442589505
0.8764569389996858 0.00110393645648985 0.12243912454382434
0.8749758028338994 0.0003197820581516343 0.12470441510794888
0.8639398587152719 0.003461660141895787 0.13259848114283232
0.8588005695927527 0.00040667701936497646 0.1407927533878822
0.8164185890267239 0.009646251522537813 0.17393515945073834
0.8699029655057612 0.004449339460036625 0.12564769503420214
0.8082270155640532 0.011254851210530903 0.18051813322541585
0.810313596810888 0.013925089927533631 0.1757613132615783
0.8658143790032004 0.00020361255698621904 0.13398200843981342
0.8871653870626575 0.008230033447515021 0.10460457948982745
0.5980953527697761 0.2598977458080039 0.14200690142221997
0.9092111503783418 0.013252933900700042 0.07753591572095823
0.34251720260288404 0.6054788230000709 0.05200397439704501
0.856555751032493 0.07683230602279884 0.06661194294470814
0.17157736151859868 0.8068806724009966 0.02154196608040469
0.06820893146580156 0.9096213531009001 0.02216971543329833
0.20139510409129077 0.7686060698038403 0.029998826104868943
0.0955597652811395 0.8237682336885181 0.08067200103034232
0.023273867197019914 0.930495566278554 0.04623056652442619
0.0015050313840468202 0.9798396311993531 0.018655337416600064
0.0005067444022627644 0.9854881455412958 0.014005110056441368
0.0004659454243287046 0.9815539019521022 0.017980152623569057
0.0011546506315114262 0.9533316484662923 0.04551370090219627
0.000456534316112291 0.9813780121865019 0.018165453497385766
0.002181451961187935 0.910157982889353 0.08766056514945912
0.00036141919520647786 0.9848621297440162 0.014776451060777195
0.00046814483216834604 0.9805045496817846 0.019027305486046985
0.0010823192522316602 0.957808448920635 0.04110923182713324
0.010964622647711858 0.6897980475143334 0.29923732983795487
0.0012570174151960254 0.9618725027127767 0.03687047987202716
0.0007847167077032384 0.9735942082611483 0.025621075031148445
0.004286805876047591 0.8711619693197046 0.12455122480424775
0.0053875669431987004 0.7976191040689988 0.19699332898780256
0.0016621042106159797 0.8985352639195325 0.09980263186985147
0.0020233439711515185 0.9302098158739363 0.06776684015491229
0.08414580933115688 0.4070847526048765 0.5087694380639666
0.23149416634983988 0.05553484426817097 0.7129709893819892
0.1358430678321333 0.0011792440131805945 0.8629776881546861
0.0559090088755629 0.06073004983606303 0.8833609412883741
0.09667871509051157 0.1021823733824925 0.801138911526996
0.05979282642708693 0.0007596220600859316 0.9394475515128271
0.06064741142218494 0.007028321704062707 0.9323242668737522
0.07272489118718263 0.0013576605878037656 0.9259174482250135
0.10408929224857232 2.951583710022716e-05 0.8958811919143275
0.0888213976081317 6.2946213981875235e-06 0.9111723077704701
0.06973901437290195 1.0296673316629617e-05 0.9302506889537815
0.09278325964868495 2.635825526009981e-05 0.907190382096055
0.060579257526709215 8.987152766990711e-07 0.9394198437580141
0.09058695533853559 1.8313415360669777e-05 0.9093947312461037
0.15739207359200108 1.1557904253228264e-05 0.8425963685037456
0.09191950125831541 0.0022058490156367148 0.9058746497260479
0.05949475547337415 0.0027980294186698805 0.937707215107956
0.058263501088160634 0.0010325295222121044 0.9407039693896273
0.07263600695145159 0.003249127631822126 0.9241148654167264
0.059079854534373685 0.00010699733542728784 0.940813148130199
0.024480490124460876 0.1485128865758312 0.8270066232997079
0.01830375338256006 0.045545665955305105 0.9361505806621349
0.0191547905465926 0.1486567295626022 0.8321884798908052
0.023773525954974232 0.03645991110363342 0.9397665629413924
0.01844877446752933 0.014201274318409967 0.9673499512140606
0.005968830699382249 0.5146399935533319 0.4793911757472858
0.0010891284048377714 0.9856046974772759 0.013306174117886298
0.002623473812331498 0.9590029373784009 0.03837358880926761
0.001367312853143636 0.98896248285108 0.009670204295776313
0.0029429967112814034 0.9888303604010481 0.008226642887670424
0.00048020127173488864 0.999264565759187 0.0002552329690782008
0.0014597864661350427 0.998129160640902 0.00041105289296307373
0.0009932666092555011 0.9988925789713826 0.00011415441936183996
0.0005420387325602873 0.9994300047872683 2.7956480171400608e-05
0.0005381555557332426 0.999438877347943 2.2967096323701896e-05
0.0005210038320517021 0.9994575476933903 2.1448474557949813e-05
0.0003614496893271621 0.9996229347490696 1.561556160314531e-05
0.00041415468021054524 0.9995528452921378 3.300002765161231e-05
0.0006174212728760388 0.9990570270335958 0.0003255516935280353
0.0077395970186800635 0.9813210691387646 0.010939333842555311
0.0017386203226172105 0.9944258857109645 0.0038354939664183994
0.0007058233622642993 0.9973529486795318 0.00194122795820389
0.0011352310240639973 0.995759237430578 0.0031055315453579787
0.006667349414191813 0.9694323452058936 0.0239003053799146
0.2214575387039824 0.6640608415070702 0.11448161978894741
0.25130970339060515 0.6049162885008685 0.14377400810852628
0.04506734358132206 0.9249461289145942 0.029986527504083933
0.0575563705393313 0.910886419175904 0.03155721028476481
0.716054453336248 0.17537815223533215 0.10856739442841985
0.9165935268069259 0.009343269553675298 0.07406320363939893
0.9067940791759244 0.01721287557108118 0.07599304525299444
0.9321567903669489 0.005965142591548863 0.061878067041502095
0.8890569426640732 0.02581557716339337 0.08512748017253348
0.9284363111608452 0.004723378035985454 0.0668403108031693
0.8908524785336679 0.007771541796247081 0.10137597967008502
0.9119633744912091 0.009371340609385923 0.07866528489940487
0.9310312517219114 0.0011636579399444435 0.06780509033814415
0.9120629899174078 0.009366360632927595 0.07857064944966453
0.9417086588255598 0.0002370313629267422 0.05805430981151358
0.9157865722363382 0.00883283973470866 0.0753805880289532
0.9035945042556534 0.022229448767683787 0.07417604697666287
0.9094035268348488 0.015564812759775752 0.07503166040537557
0.9192882875881262 0.005117265245193026 0.0755944471666807
0.9235825822799865 0.00041515618838893837 0.07600226153162448
0.9210578840561634 0.003133969359761961 0.0758081465840747
0.9092933878927405 0.015854134348371837 0.07485247775888768
0.9093474222742575 0.015806379756379333 0.07484619796936326
0.9096248992776027 0.015512009221077101 0.07486309150132017
0.9239592588458373 0.0002990363200438251 0.07574170483411875
0.9222442834886172 0.0019760881220442015 0.07577962838933867
0.9118563693623808 0.013259117492994589 0.07488451314462466
0.9227997203913283 0.0014953258194847377 0.07570495378918696
0.9170117872735467 0.007686988751039227 0.075301223975414
0.9230921985899243 0.001155849411844763 0.07575195199823102
0.9232076203233575 0.001039978135640095 0.07575240154100231
0.924773359565723 9.421004926811805e-06 0.07521721942935025
0.9242670193152668 9.605636833331494e-05 0.0756369243163999
0.9249746436929958 9.537582719104063e-06 0.07501581872428512
0.9242999978927893 2.157041739528075e-05 0.07567843168981545
0.9244180749858679 8.94221925971523e-06 0.07557298279487241
0.9242296799906707 0.00016484905833842717 0.07560547095099085
0.9243097378022358 2.435160163853803e-05 0.07566591059612575
0.9242500881647999 0.00015120339264593162 0.07559870844255412
0.9242523872433315 4.212020119450867e-05 0.07570549255547389
0.9247275792412485 2.875482505634194e-06 0.07526954527624587
0.9242720803126919 0.00019264449254538648 0.07553527519476283
0.9250156161734654 4.2609055513071555e-05 0.07494177477102164
0.9226901529984416 3.1819540448454145e-05 0.07727802746110982
0.9072236856801973 0.00019583777158051219 0.0925804765482222
0.9398558334863472 4.9103380979508975e-05 0.060095063132673356
0.9044555954999444 3.8851232204666144e-05 0.095505553267851
0.934831020072617 6.115921449375177e-05 0.06510782071288915
0.8946926776917307 9.582589813777584e-06 0.1052977397184554
0.8856948609614208 0.006118793043281632 0.10818634599529742
0.9219795799272923 0.0047791022090115905 0.0732413178636961
0.9689678066216801 0.0005792344296545248 0.03045295894866538
0.7781807803934738 0.1703920065089844 0.05142721309754175
0.8829715802050208 0.003983967446013608 0.11304445234896575
0.06632659829521687 0.8993201159380504 0.03435328576673276
0.03790762578307008 0.9567229219431054 0.005369452273824584
0.006976131163366036 0.9919487100099863 0.0010751588266477454
0.00889304393606874 0.9875748183351675 0.003532137728763823
0.0016907417852687612 0.9976476219286046 0.000661636286126651
0.05106020277370152 0.9348733348395546 0.014066462386743845
0.005827673354369921 0.988227757061216 0.005944569584414031
8.366995259185445e-05 0.9991719570848632 0.000744372962545021
4.832222111668242e-05 0.9993161087558251 0.0006355690230582061
4.0792140061128025e-05 0.999329405816735 0.0006298020432038995
8.459661114688486e-05 0.9988811612929236 0.0010342420959295097
3.211428676847676e-05 0.9993100300452483 0.000657855667983089
0.00024013495909165503 0.994560353217623 0.005199511823285318
2.6195804224388072e-05 0.9997081076616228 0.00026569653415291753
0.00022760762687399646 0.9965236822014063 0.003248710171719735
2.913807137904678e-05 0.9996995426820791 0.000271319246541892
2.410596084370763e-05 0.9997584179076874 0.0002174761314689986
2.5183185907834685e-05 0.999665461728517 0.0003093550855750353
8.772760995481839e-05 0.9983375127358609 0.001574759654184207
0.00014687923896629284 0.997559161342539 0.0022939594184946004
0.00032223865161652986 0.9926245336145845 0.007053227733798957
0.0010114231755350533 0.9229368862177075 0.07605169060675748
0.0016832716325525686 0.8199487962095543 0.17836793215789318
0.006246884029721441 0.2687352340542674 0.7250178819160111
0.11720695781396631 0.0004816539502492728 0.8823113882357844
0.013357678768423609 0.5065219620441253 0.4801203591874511
0.007367871354511924 0.9532929526803076 0.03933917596518037
0.013647006407630688 0.9025324384148585 0.08382055517751082
0.0045655141990375925 0.9881958987771378 0.00723858702382456
0.01481605715452634 0.9714423449068286 0.01374159793864499
0.002030296177642161 0.9802792571266354 0.017690446695722416
0.00021054649518953961 0.9975078791487274 0.0022815743560830066
0.00019225284680177615 0.9986060076058983 0.0012017395472998888
0.00016293005021290587 0.9993862977415167 0.00045077220827049715
4.703704611590752e-05 0.9999301635120529 2.279944183130439e-05
7.69573205522634e-05 0.9998519623213498 7.108035809797555e-05
1.741134971314453e-05 0.9999577667217983 2.482192848845267e-05
1.4076662272103156e-05 0.999966144049632 1.9779288095920626e-05
1.2912413853303975e-05 0.9999744124486131 1.2675137533585899e-05
1.9845311725692264e-05 0.9999584984434109 2.165624486349336e-05
0.00011489562607643933 0.9997420333156107 0.00014307105831273405
2.4791816292020557e-05 0.9999418206709585 3.3387512749546385e-05
3.2402847868492415e-05 0.9999296306389158 3.7966513215797254e-05
7.995563255343483e-05 0.9998225213329232 9.752303452339111e-05
0.0031745566006845826 0.9956486192659663 0.001176824133349114
0.002172221270335732 0.9967771677645583 0.0010506109651059452
0.015788881526536683 0.9820180868642456 0.0021930316092176752
0.03682477225205326 0.9590482067769955 0.004127020970951261
0.6550284777797378 0.2795276818376317 0.06544384038263036
0.9565571652219493 0.0010762467254747663 0.04236658805257577
0.9562596388223692 0.0003820628802201978 0.04335829829741068
0.8708390898083797 0.027848792978657385 0.1013121172129631
0.8748275540628194 0.027134674319860334 0.09803777161732012
0.9360829073456516 0.0016496095523721552 0.062267483101976294
0.9366855677830288 0.0007004507478490904 0.06261398146912207
0.968475939389687 1.4093533706395976e-05 0.031509967076606644
0.9165579743080218 2.379505888044999e-06 0.0834396461860901
0.9182131210857913 1.1746180798923816e-06 0.08178570429612875
0.9198234609132067 2.324030818914885e-05 0.08015329877860418
0.9262552445512052 1.4488295082125068e-05 0.0737302671537126
0.9251052271308534 5.554890478646488e-06 0.07488921797866796
0.9244643854458887 2.8554106254725683e-06 0.07553275914348588
0.9261825272218094 1.2582692518516347e-06 0.07381621450893884
0.925569851812104 1.0243229558475077e-07 0.07443004575560044
0.9256283070308646 1.1779946121109294e-07 0.0743715751696742
0.9267173602913351 1.8324238563380063e-06 0.07328080728480846
0.9243289715686014 0.0020839215294778273 0.07358710690192073
0.9255105203899434 0.000557781450704203 0.0739316981593523
0.9223388930686358 0.0038524618838815207 0.07380864504748269
0.92388853330501 0.0025039001404359254 0.07360756655455401
0.9266440135472359 0.00043479583200066007 0.0729211906207635
0.9261395351136331 0.00019537431554463014 0.07366509057082232
0.9153834023984634 0.01190406962570277 0.07271252797583391
0.9093834534905686 0.018288833445305408 0.07232771306412587
0.9237497321618355 0.0028866218700475087 0.07336364596811697
0.9235432061123556 0.003121753446938235 0.073335040440706
0.9067136634272077 0.02123313420445309 0.072053202368339
0.9259690172106466 0.0005689427094553542 0.07346204007989804
0.8965267596290846 0.03241114590749564 0.07106209446341986
0.8960910831605087 0.032876945183819645 0.0710319716556716
0.9260243694552643 0.0005669551470274494 0.07340867539770814
0.8975033359140946 0.03135539168497798 0.07114127240092752
0.9127124102249256 0.014941530679783094 0.0723460590952913
0.913790808785111 0.013776364160004391 0.07243282705488455
0.9135615418347232 0.013990104222850552 0.07244835394242626
0.9259175558860183 0.0005297073906380295 0.07355273672334356
0.9085762148996323 0.01885883495367186 0.07256495014669573
0.9142344425481852 0.0128916808587694 0.07287387659304545
0.9097691139824431 0.017128373307075628 0.07310251271048128
0.9240755177826996 0.00035687695824879585 0.07556760525905148
0.9103657047020502 0.01558112010617523 0.07405317519177447
0.9185454965896884 0.006354765297136083 0.07509973811317545
0.9059360492983894 0.020568520712780945 0.07349542998882956
0.9197719443547081 0.002441567174827511 0.07778648847046443
0.9213605502667684 6.91792294743229e-05 0.07857027050375733
0.9174987929835893 0.004676665987722525 0.0778245410286883
0.9246701923050901 0.00012418897256552503 0.07520561872234431
0.9196429783638687 0.00013656890003602157 0.08022045273609542
0.9378130913521251 1.3842808984556133e-06 0.06218552436697653
0.9088049759526787 3.4169258619491503e-06 0.09119160712145931
0.9375440708672463 0.00022705905020599628 0.06222887008254768
0.9461463791169575 5.446173076649367e-05 0.05379915915227594
0.8913721908868545 0.03136503969967863 0.07726276941346678
0.8122477226074755 0.07883855947632014 0.10891371791620437
0.8052948722684241 0.08924269515482068 0.1054624325767551
0.9172281918521393 0.012655358835079157 0.07011644931278163
0.8212098140812271 0.11859849008598826 0.060191695832784574
0.9435698901979669 0.00288286286087788 0.05354724694115528
0.32492255290010597 0.6248593059871427 0.05021814111275139
0.27280891401878044 0.6715489907898241 0.055642095191395444
0.8774785193558052 0.07250916917279257 0.05001231147140221
0.49327709728701785 0.409771550117478 0.09695135259550414
0.021233747541547072 0.9704262764176734 0.008339976040779509
0.021318974639256232 0.9766277713312008 0.002053254029542974
0.07115980851265458 0.9237012377120984 0.005138953775246981
0.03139815542721914 0.967931897880227 0.000669946692553725
0.021225795662602857 0.9784051020340425 0.000369102303354642
0.025511109767198052 0.9743245639401473 0.00016432629265463386
0.014700870844702278 0.9852499420992171 4.918705608063976e-05
0.04249951560494495 0.9573317466341424 0.00016873776091259673
0.014438432761091578 0.9853359308639215 0.00022563637498679336
0.10899769704069791 0.8859822134085664 0.005020089550735725
0.04233457211622651 0.9552375377053245 0.002427890178449048
0.014538057404578813 0.9840113871930765 0.0014505554023447182
0.042491010260762636 0.9510129413215168 0.006496048417720564
0.06950210533525553 0.8928073649712867 0.037690529693457785
0.01789415169356351 0.957810659299023 0.024295189007413603
0.01630564377380303 0.9706514072818254 0.013042948944371534
0.06864719418717144 0.8248153969004164 0.10653740891241224
0.012014748517184254 0.9538586094407469 0.03412664204206888
0.04783299006106413 0.8206310197516818 0.13153599018725412
0.05757182812732298 0.4107545890633412 0.5316735828093359
0.041013357046634176 0.6205521885319523 0.33843445442141357
0.027740668668142513 0.7427827327360165 0.22947659859584107
0.06337829712339842 0.34829951857569913 0.5883221843009023
0.11121666936100102 0.009769077581872279 0.8790142530571267
0.1212074679423167 0.0020882528835969596 0.8767042791740863
0.0911265589843146 0.002331240240105618 0.9065422007755798
0.14509030424964908 0.0014708562327028323 0.8534388395176481
0.18275024308297486 8.70618349879405e-07 0.8172488862986752
0.12491523564023721 1.6219900946012695e-05 0.8750685444588168
0.06629851554827063 8.807822619416101e-05 0.9336134062255352
0.08168725127010937 0.0010661387737907855 0.9172466099561
0.17999354262510464 0.0002071205583274631 0.819799336816568
0.05373455606620705 0.25529109917313525 0.6909743447606578
0.032223287317310154 0.37589137607003226 0.5918853366126576
0.042459926292702954 0.1175726156559412 0.8399674580513558
0.011058176833694701 0.1771228927379473 0.811818930428358
0.002716965293638792 0.5129765672930621 0.48430646741329914
0.004431840569431751 0.22367060802901742 0.7718975514015508
0.0008099608872265849 0.6389035898554143 0.36028644925735914
0.000286575034261799 0.6720425473197823 0.32767087764595587
0.0004158575668490245 0.3391455520063639 0.6604385904267871
3.2078176868357634e-05 0.9870677368418415 0.012900184981290232
1.547244612305038e-05 0.99158867384319 0.008395853710686869
2.0961284436217077e-05 0.9901143391025725 0.009864699612991275
0.00014203591030006755 0.9450075600047685 0.054850404084931324
1.2191146220251784e-05 0.9930381852206337 0.006949623633145923
3.957873656414381e-06 0.9976592059983102 0.0023368361280333223
8.413728399705106e-06 0.9957509027920158 0.0042406834795843855
6.208978781141129e-06 0.9966322708931111 0.0033615201281077707
8.529510389821716e-06 0.9965909247504234 0.0034005457391867826
0.000489434550842038 0.971148863655027 0.02836170179413106
0.00010660582176072991 0.9973749874169379 0.0025184067613013665
0.0008793795052342778 0.9922368391866775 0.006883781308088301
0.0007295729877557747 0.994626777826091 0.00464364918615328
0.003959197666716796 0.9858530023258558 0.010187800007427389
0.1090417517707968 0.8259571640831705 0.06500108414603266
0.10251828553090828 0.817822482794807 0.07965923167428486
0.11556861719749402 0.8234045091270787 0.06102687367542716
0.6421518379501722 0.07724869586720509 0.2805994661826227
0.23169069238593443 0.6663510281288778 0.10195827948518782
0.10761519029527918 0.8107559759929537 0.08162883371176721
0.1607093081230834 0.7723327945223828 0.06695789735453378
0.3099906904454259 0.5400458386736823 0.14996347088089185
0.18172555321307846 0.7250212653438687 0.09325318144305288
0.9207800429432689 0.002016475457486012 0.07720348159924509
0.927752930623715 0.00010691645760735264 0.07214015291867755
0.8772725975901434 0.0002895947493187153 0.12243780766053776
0.9285469994345054 5.319305375199335e-06 0.07144768126011945
0.8564250128675647 2.836540425057286e-08 0.14357495876703102
0.8965986121626467 1.262514906303101e-07 0.10340126158586271
0.8529612465450969 8.053373986396586e-08 0.14703867292116318
0.8587270853515862 5.689068755851533e-08 0.14127285775772627
0.8696197525433529 8.952608688483308e-09 0.13038023850403854
0.8464614793705951 3.5256320919120937e-10 0.15353852027684162
0.8738590521484604 2.492885411204954e-10 0.12614094760225106
0.8747445177770056 6.537856931797283e-09 0.12525547568513748
0.8746973233910754 8.104883352960559e-11 0.12530267652787577
0.874705274994352 4.56493407252405e-11 0.12529472495999872
0.8747063854477639 3.0293357372581127e-11 0.1252936145219427
0.8747064022224647 1.479086244410363e-09 0.1252935962984492
0.8747064069975752 3.617721510096015e-11 0.12529359296624756
0.8747064074927806 1.100791200386113e-10 0.12529359239714027
0.8747064063596738 1.1808694123230407e-10 0.12529359352223932
0.8747064026807182 3.344497500139118e-09 0.12529359397478435
0.8747064054477127 1.6767414851768827e-09 0.12529359287554565
0.8747064062995268 6.261930251873524e-10 0.12529359307428015
0.8747064066256293 3.716557035658491e-11 0.12529359333720522
0.8747064025938232 4.267898522620035e-09 0.12529359313827837
0.874706406389435 7.566697602491938e-11 0.12529359353489813
0.8747064063595807 9.304730902650957e-11 0.12529359354737205
0.8747064061624615 2.411919036112411e-10 0.1252935935963465
0.8747064013796868 5.5258791720700776e-09 0.1252935930944339
0.8747063985953686 8.684639856045123e-09 0.12529359271999152
0.8747064032059039 3.47834775995651e-09 0.12529359331574827
0.8747064040884358 2.3977644104428574e-09 0.1252935935137997
0.8747064060603201 1.094821125895665e-10 0.12529359383019775
0.8747064043001684 2.0922691530703327e-09 0.12529359360756254
0.8747064056457127 5.346200810164538e-10 0.12529359381966723
0.8747064049266264 1.1851802733015506e-09 0.12529359388819322
0.8747064057577661 1.4713536835973222e-10 0.12529359409509855
0.8747063987259576 7.710421250441341e-09 0.1252935935636211
0.8747064054367374 1.1657339341273317e-10 0.12529359444668917
0.8747063994241028 5.934866515533883e-09 0.12529359464103057
0.8747064090656497 7.00707015495545e-11 0.1252935908642796
0.8747064036414435 5.458485154813854e-10 0.12529359581270808
0.8747063847925536 1.0553924859752477e-10 0.12529361510190717
0.874706389647371 9.243324644925032e-10 0.12529360942829657
0.8747064097612289 7.774832389435065e-09 0.12529358246393874
0.8747062131372179 9.738843454492043e-11 0.12529378676539363
0.8747059473342081 6.052190585520994e-09 0.12529404661360133
0.8747055154084658 1.3163947281217162e-09 0.12529448327513956
0.874704708467732 1.955769280709843e-10 0.12529529133669112
0.874706004848946 2.936720348923599e-08 0.12529396578385044
0.8747052875325056 1.1311013924047831e-09 0.12529471133639283
0.874705203780836 5.781988214157995e-08 0.12529473839928182
0.8747072605151948 1.0865524447494357e-06 0.1252916529323605
0.8747110784265305 5.1551548850801316e-08 0.1252888700219207
0.8747044430495144 2.1824558720260453e-06 0.1252933744946134
0.8747033173549036 3.2458723425903857e-06 0.12529343677275392
0.874698425671688 7.339940657656089e-06 0.12529423438765436
0.8746222458272002 9.168011827187358e-05 0.12528607405452788
0.874688422043123 1.5894160967814853e-05 0.12529568379590927
0.8746616779969791 4.558596815187829e-05 0.12529273603486898
0.8746869025700607 1.6769848085277723e-05 0.1252963275818541
0.8746565892415995 5.112170332036543e-05 0.12529228905508008
0.8745730559607379 0.00014643515901616516 0.1252805088802459
0.8746991921244548 2.164863077596989e-06 0.12529864301246746
0.8745669455970103 0.0001533443367523416 0.1252797100662373
0.8746927299987731 9.531614026791117e-06 0.1252977383872001
0.8746943876363932 7.618277757779062e-06 0.12529799408584907
0.8746473933873892 6.131715590802436e-05 0.12529128945670281
0.8746931915486758 8.943903873539526e-06 0.1252978645474507
0.8745782703352895 0.00014027316464632178 0.12528145650006428
0.874571755090045 0.0001476482640024202 0.12528059664595248
0.8746197366248342 9.219623375566276e-05 0.12528806714141008
0.8746953043637643 2.9801553378188796e-06 0.12530171548089789
0.874681069223822 1.7521845962962022e-05 0.1253014089302149
0.8745855875252635 0.00011788121622891056 0.1252965312585076
0.8746773951882166 1.1600464860259938e-05 0.1253110043469232
0.8746505192517934 3.591915173700566e-05 0.12531356159646953
0.8746775172316414 3.008639910968842e-07 0.12532218190436747
0.8746707997818725 7.13017735868824e-07 0.1253284872003916
0.8746693013149867 1.1925550871489237e-06 0.12532950612992627
0.8746690352420504 8.247944839192012e-07 0.1253301399634657
0.8746684171205484 1.3228900481030237e-06 0.12533025998940345
0.8746660366469241 3.523050232020308e-06 0.1253304403028438
0.8746720653680083 6.499434076127718e-08 0.12532786963765086
0.8746513896924887 1.459154352596943e-06 0.12534715115315875
0.8746668218110979 7.108269678692235e-08 0.1253331071062054
0.8746654453498359 1.2564733141786343e-07 0.12533442900283262
0.8746638313577685 5.708410391991414e-08 0.12533611155812757
0.874663396453269 8.64260235582309e-08 0.12533651712070748
0.8746636179672591 3.553539571577893e-08 0.12533634649734507
0.874663517442846 2.1421090552617655e-08 0.12533646113606342
0.8746634955017953 1.185962887760372e-08 0.1253364926385757
0.8746635764291805 1.957914039391222e-10 0.1253364233750281
0.8746631476454008 6.091879011976222e-12 0.12533685234850755
0.874663479253679 2.6910969348866008e-12 0.1253365207436299
0.8746633366291952 9.764288506632752e-12 0.12533666336104046
0.8746632488884845 8.379745379850547e-14 0.12533675111143183
0.8746632590642953 5.1707271390042436e-14 0.12533674093565286
0.8746632799563803 2.355522793409039e-15 0.12533672004361734
0.8746632837909428 9.716229767391475e-16 0.12533671620905623
0.8746632892390768 2.365496322420886e-15 0.1253367107609209
0.874663300460299 4.389943366351986e-14 0.12533669953965706
0.8746632970300771 1.1172322739433315e-14 0.12533670296991167
0.8746632974720215 2.5052308144684156e-13 0.12533670252772786
0.8746632974497065 5.3936743181477686e-14 0.12533670255023954
0.8746632974582534 3.167043608070219e-14 0.12533670254171478
0.87466329744152 1.3431258866548209e-11 0.1253367025450487
0.8746632974635624 5.606760925665709e-13 0.12533670253587692
0.874663297448263 1.5088313142186985e-11 0.1253367025366488
0.8746632974612266 6.072074606144607e-13 0.1253367025381661
0.8746632974365722 1.8134998126186677e-11 0.12533670254529283
0.8746632974755849 5.658072897330451e-13 0.1253367025238492
0.8746632972811035 2.9952126957828537e-13 0.12533670271859698
0.8746632981714515 3.130341152150381e-13 0.1253367018282356
0.8746632972551461 3.085165392433272e-13 0.1253367027445453
0.8746632972173555 1.1592331360959756e-11 0.1253367027710521
0.8746632973696111 1.3695830484824892e-10 0.12533670249343054
0.8746632977297016 1.0496848098492498e-11 0.1253367022598015
0.874663296273313 1.0928955777095635e-11 0.12533670371575795
0.8746632964599885 3.1077338763858325e-10 0.12533670322923798
0.8746632959172307 6.341209011258063e-10 0.12533670344864856
0.8746633027631785 4.150202708688179e-10 0.12533669682180135
0.8746632943849533 1.8232961527022308e-09 0.1253367037917505
0.874663292470732 3.328470917727699e-09 0.125336704200797
0.8746632946904629 3.1672673804657878e-09 0.1253367021422697
0.8746632925981065 4.813267724879953e-10 0.1253367069205668
0.8746632918596271 7.2080047068596365e-09 0.1253367009323682
0.8746632569631088 5.321034350883479e-08 0.1253366898265476
0.8746632690832689 2.1036864314252706e-08 0.1253367098798668
0.8746630311873368 1.3805990186533993e-09 0.12533696743206427
0.8746630743381345 1.620334799685862e-08 0.12533690945851753
0.8746627752877645 9.193730704918354e-09 0.1253372155185047
0.8746628374607301 2.0933050163117885e-08 0.12533714160621967
0.8746635339543369 3.3623006575046576e-08 0.1253364324226566
0.8746630705851643 2.2338308820658703e-07 0.1253367060317474
0.8746606092794985 4.507252942808974e-09 0.1253393862132485
0.87466233169412 1.9591597319494895e-07 0.12533747238990686
0.8746890852803044 4.8450448636163854e-08 0.12531086626924706
0.874665672710491 5.7148394587372334e-08 0.12533427014111445
0.874646437694058 1.9325190631551308e-05 0.1253342371153105
0.8746510970604379 3.913730102134386e-06 0.1253449892094599
0.8746222437585243 7.690702645294707e-06 0.12537006553883057
0.8743820386624567 4.223825563899186e-05 0.12557572308190418
0.8752120935022046 8.151064799328825e-06 0.12477975543299608
0.870433145027914 6.244377835321973e-07 0.12956623053430252
0.8743266420481546 0.00015933120003095854 0.1255140267518144
0.8767386003515311 3.511986115824871e-05 0.12322627978731059
0.8695041381383835 0.00043380998828619236 0.13006205187333028
0.8699828667802519 0.00010061481970246596 0.12991651840004556
0.8737880541088424 0.0007411020211060176 0.12547084387005158
0.8904115817622156 2.283685807970635e-05 0.10956558137970479
0.8765891553725352 8.629213299735389e-05 0.12332455249446758
0.872273854161888 0.0038733530105592826 0.12385279282755264
0.8612135804670448 0.0023070843669334737 0.13647933516602173
0.52542786245511 0.3844855064852965 0.09008663105959341
0.5913978196300315 0.30573700670245196 0.1028651736675166
0.5536899091751284 0.34969364035205264 0.09661645047281903
0.5503018786277787 0.3535975055262704 0.09610061584595103
