inside membrane outside
0.9998404822717051 0.0 0.0001595177282949345
0.9998505275886008 8.326563538781292e-17 0.00014947241139914852
0.999712996648056 1.99502201979845e-16 0.0002870033519438413
0.9997129967501831 8.267110591325994e-12 0.00028700324154973136
0.9998303432363024 1.1545876767518814e-09 0.00016965560911000376
0.9997698231419759 2.9142219528282693e-10 0.00023017656660193541
0.999880710732467 1.0345518473693664e-08 0.00011927892201451284
0.9999222073891063 2.2209760201761886e-08 7.777040113348336e-05
0.999764106224517 5.511661435540917e-06 0.00023038211404750598
0.9997672056440281 3.054459590433114e-05 0.00020224976006764076
0.9996829270877412 3.63476482237568e-05 0.0002807252640350439
0.9993513543626227 0.0004744552390913349 0.00017419039828593305
0.9988549312188448 0.000866121879988051 0.0002789469011670764
0.9997042416692232 0.0001406289256051466 0.00015512940517170055
0.9988563225712696 0.0008625678279208398 0.0002811096008096309
0.9989953385299964 0.0007771860155493135 0.00022747545445417878
0.9989670223077444 0.0008060807885543062 0.00022689690370121136
0.9998754487087645 7.21770129222966e-06 0.00011733358994327321
0.9998717606864621 1.0948452719538408e-05 0.00011729086081841516
0.9995081088290058 0.0002605726142150538 0.00023131855677923442
0.019658878409708463 0.9802749043613848 6.621722890662371e-05
0.007946243923554416 0.9920141785651506 3.957751129487871e-05
0.0007720386573746156 0.9992223323241259 5.629018499501178e-06
0.0002361287325021221 0.9997617777797689 2.0934877289872075e-06
0.00014512130758552986 0.999851965776329 2.9129160854972167e-06
0.0004571763794850696 0.9995374348039707 5.388816544251935e-06
7.957517013417817e-05 0.999919302445141 1.12238472482302e-06
1.6148454084914254e-05 0.999982779637789 1.0719081260175521e-06
1.6500161405580513e-06 0.9999977720357832 5.779480761375103e-07
7.928915796169051e-07 0.9999982397336302 9.673747901125248e-07
1.8267621179806547e-06 0.999993290622548 4.882615334065722e-06
7.420294742392432e-07 0.9999883872148674 1.0870755658366529e-05
4.314019070696174e-07 0.9999913993434524 8.169254640467818e-06
2.3842064606083112e-06 0.9999134134328005 8.420236073881019e-05
2.474543684994609e-06 0.9998319377158755 0.0001655877404395952
5.071730773772213e-07 0.9999630840833071 3.640874361547856e-05
1.1851423435714597e-06 0.9998817599565676 0.00011705490108892796
1.3366190444633093e-06 0.9999402801926418 5.8383188313743146e-05
1.4082392003310436e-05 0.9714112865315152 0.028574631076481543
6.135162247734835e-06 0.9912409429704829 0.008752921867269406
0.00010051160191774336 0.8622863154883886 0.13761317290969363
4.518443924387126e-05 0.9303710866670767 0.06958372889367949
1.3667065607196896e-05 0.981227012358424 0.018759320575968724
3.4110900367755663e-05 0.5324379230671206 0.4675279660325116
8.632355686625778e-05 0.2039813854014369 0.7959322910416968
0.00011027254330138074 0.032724612345532825 0.9671651151111658
0.00044906041696133974 0.0028561281747386622 0.9966948114083
0.00014766871823422708 0.029787378206918704 0.9700649530748471
0.00012012592978684316 0.02556869719176046 0.9743111768784526
0.00015254354455219445 0.0025058212601414796 0.9973416351953064
0.0003107070858812725 6.468893173457904e-06 0.9996828240209453
0.0001404023417202505 0.00018334283900875927 0.999676254819271
0.00016209038602737013 1.5378154907360113e-05 0.9998225314590652
0.00015956229626451772 3.100139915207088e-07 0.999840127689744
0.0001891886625944425 1.0210113244676657e-05 0.9998006012241608
0.00020926312290100988 2.240034402101748e-06 0.999788496842697
0.00022510999400708042 6.960518363167947e-08 0.9997748204008093
0.00020277950334813058 5.5996459363364765e-06 0.9997916208507155
0.00020163804000116034 1.8769524150000346e-06 0.9997964850075838
0.000205374200082429 6.601651291662352e-05 0.999728609287001
0.00019070218247338265 2.434057261893642e-05 0.9997849572449076
0.00016559263964154703 6.304460670135406e-05 0.9997713627536571
0.00015201380351171937 0.0007192923273176816 0.9991286938691706
0.000149194244569618 3.691268727237215e-05 0.999813893068158
0.00013922248257226778 0.0018720469530548206 0.9979887305643729
0.00014763093507886492 0.0067071032032687385 0.9931452658616524
0.0002524220784311363 0.005844782483090976 0.9939027954384779
0.00015385318477779706 0.0028224458383941694 0.9970237009768281
0.00013897559820930566 0.0008370339791607629 0.9990239904226299
0.00014411069711263826 0.09826366459256411 0.9015922247103233
0.00045770693289364775 0.015611954198130993 0.9839303388689753
5.413808147819545e-05 0.2781629858665803 0.7217828760519416
1.7386401068563786e-05 0.5650211804122781 0.43496143318665326
3.541092598390277e-05 0.2885266039144588 0.7114379851595574
8.03814720622243e-06 0.5525701646882771 0.4474217971645166
1.054697028393864e-06 0.8903980877124236 0.1096008575905479
2.3447409942611173e-07 0.9982688796080916 0.0017308859178090065
5.813854030589858e-07 0.9977049286572156 0.002294489957381324
1.983279471313428e-07 0.9994448851031876 0.000554916568865184
2.2671007537968305e-07 0.9999424276233687 5.734566655590895e-05
4.4173180687112035e-06 0.9998553797669079 0.00014020291502348097
2.483003637275278e-06 0.9999824227194875 1.5094276875306534e-05
1.3706447264131509e-05 0.9999752575520235 1.1036000712390934e-05
0.005134209838938518 0.994199763667779 0.0006660264932824563
0.0001627621685231418 0.9998352901180141 1.9477134627829836e-06
4.3651448207420525e-05 0.9999557674638031 5.810879895895396e-07
6.984735166763095e-05 0.9999293063246109 8.463237215966076e-07
0.001787243326895455 0.9982101428645886 2.6138085158622185e-06
0.0013228871745305443 0.9986750319463527 2.080879116816337e-06
0.0006271183532172011 0.9993721337242837 7.479224991990837e-07
0.002492980192825179 0.9975032112640355 3.8085431393330114e-06
0.0027545045041409595 0.9972440095990875 1.4858967714473273e-06
0.012850351076482728 0.9871422306119163 7.418311600908701e-06
0.0720791340113786 0.9278816602810155 3.920570760603274e-05
0.07075813740251667 0.9291817560743211 6.010652316223127e-05
0.6376811112784152 0.36214032216336595 0.00017856655821892037
0.9678652404807467 0.031948812321933855 0.00018594719731931033
0.34070715411576263 0.6591413213592632 0.0001515245249742289
0.7749087376660283 0.2248081571939761 0.0002831051399955944
0.9995558634372743 0.00021108901299406432 0.0002330475497316006
0.9998750885334732 4.435097076681671e-06 0.00012047636945006024
0.9998477269237178 3.6706203205635127e-07 0.00015190601425016384
0.9997428334506157 1.2328182125278545e-06 0.00025593373117167883
0.999825814904669 4.721388262869235e-07 0.00017371295650462477
0.9999061872125781 3.7056986397166894e-08 9.377573043546922e-05
0.9997928747956305 4.942399318700689e-07 0.00020663096443773895
0.9998669112990719 7.60554531349664e-08 0.0001330126454751322
0.9997953534701214 2.8532815366326656e-06 0.00020179324834184811
0.99983903441614 1.9634267308876893e-07 0.00016076924118696776
0.9997978192739565 5.331329668756898e-07 0.00020164759307663436
0.9997957056961564 2.588214928591308e-06 0.00020170608891510372
0.9997979435746202 3.5473669598877495e-07 0.00020170168868394636
0.9997978116514885 4.86580364332675e-07 0.00020170176814722108
0.9997963326013859 1.963665657694859e-06 0.00020170373295645195
0.9997957713706463 2.5270416325080774e-06 0.00020170158772119217
0.9997980962364539 2.0200181683944192e-07 0.00020170176172929204
0.9997982474573667 5.061271503263515e-08 0.00020170192991840697
0.9997982280520203 7.05807774139401e-08 0.00020170136720235653
0.9997961577571598 2.141523428843122e-06 0.00020170071941125076
0.999796867786879 1.4311042447412706e-06 0.00020170110887626544
0.9997953607411652 2.9313864106773244e-06 0.00020170787242417755
0.9997949933714577 3.262939543150832e-06 0.0002017436889991865
0.999797822326941 2.7434169497951155e-08 0.00020215023888951064
0.9997974430691744 4.774410528298726e-08 0.00020250918672034814
0.9997973945625045 3.392792854553594e-08 0.00020257150956693186
0.999797641800571 3.0486320317853376e-09 0.00020235515079696737
0.9997973072069507 9.66906428097577e-09 0.00020268312398501482
0.9997970929598022 1.0009912348710799e-07 0.0002028069410743144
0.9997965560305713 8.476270415567992e-08 0.00020335920672462967
0.999797275364462 3.281066566297133e-08 0.00020269182487230486
0.9997975947938849 1.9228827273966685e-09 0.00020240328323244583
0.9997974632452097 8.558223437524974e-08 0.00020245117255595426
0.999796757301647 1.1762387436647988e-08 0.00020323093596566163
0.9997994487056968 5.002617714946237e-09 0.00020054629168541276
0.9998024841991832 4.112360161772293e-08 0.00019747467721521975
0.9998030066157371 1.3873431453584498e-07 0.00019685464994846015
0.9998716661673878 2.002136076793645e-07 0.0001281336190045815
0.9997783561369925 7.660458089066848e-06 0.0002139834049184878
0.999379357119712 0.0004169903126680545 0.00020365256761995144
0.9996594485231732 1.5959456705841135e-05 0.00032459202012097456
0.9996275510202345 4.1315730381802185e-05 0.00033113324938383005
0.9789650664706853 0.02077471469651668 0.00026021883279799327
0.9985517917449805 0.0013599971056818998 8.821114933758849e-05
0.9128080325290767 0.0869650781602589 0.00022688931066446578
0.7654305266976729 0.23428955541083454 0.0002799178914924925
0.8626536409041906 0.13713482395775867 0.00021153513805070127
0.6527440560295347 0.3469557964635722 0.00030014750689304643
0.9076750580541686 0.09173751889144766 0.0005874230543837137
0.060685786720805726 0.939222707063387 9.150621580730901e-05
0.020467383893693247 0.979449015251109 8.360085519779767e-05
0.023967393307992607 0.9758075070566415 0.0002250996353657799
0.0042131509759378285 0.9957092174599753 7.763156408675913e-05
0.003504290131973835 0.9964178851690199 7.782469900627923e-05
0.0036830614297383925 0.9962390642742786 7.787429598305067e-05
0.09636757628215997 0.9017841181612405 0.0018483055565995349
0.011735703357378254 0.9880336022121686 0.0002306944304531067
0.00356908261030597 0.9963544132428661 7.650414682777123e-05
0.0063415089380532055 0.9935256799513291 0.0001328111106177273
0.016423829210410325 0.9831135468567576 0.0004626239328321312
0.0023466606123881423 0.9975852520068039 6.808738080794361e-05
0.011129424959237265 0.9884275045827554 0.00044307045800736516
0.005192192685253298 0.9942516714073807 0.0005561359073661737
0.00240763984289856 0.9968606481489226 0.0007317120081787867
0.0022709532315457613 0.9962238253088931 0.001505221459561177
0.0022518690554839717 0.994312922797765 0.0034352081467511064
0.009664212138515262 0.933519428871166 0.05681635899031865
0.00490040835948557 0.8703994560288325 0.12470013561168185
0.006729528949203847 0.7032972968812812 0.289973174169515
0.0026454120802314298 0.6556243026735303 0.3417302852462382
0.0023689561238679066 0.13849379595835268 0.8591372479177793
0.0013026362688944228 0.19706386288738184 0.8016335008437238
0.0003475421205996735 0.6873710481446965 0.3122814097347039
0.0006568711764396509 0.4218049272958531 0.5775382015277072
9.782515386199394e-05 0.9041167448181661 0.0957854300279721
0.00019483675227007448 0.9084953131769259 0.09130985007080389
5.079058823513404e-05 0.9928950769157322 0.007054132496032626
4.996714009977739e-05 0.9978883073858361 0.0020617254740641975
3.2179784524520486e-05 0.9997636062200472 0.0002042139954282408
3.1149781850904124e-05 0.9999133820299392 5.546818821002556e-05
7.840949688855584e-05 0.9997288342445666 0.00019275625854486047
0.00022827861216044836 0.9989970368303034 0.0007746845575362783
7.941685725415075e-05 0.9996005142574201 0.00032006888532576107
0.0003756945414446468 0.9962930714666762 0.0033312339918791867
4.487423182800035e-05 0.9993841103804922 0.000571015387679899
6.255001134877392e-05 0.9983862914809652 0.0015511585076859798
0.00011667024812146198 0.9978701174695754 0.00201321228230318
4.638256311565516e-05 0.9988805099029179 0.0010731075339664355
4.603083728397454e-05 0.9988418638695628 0.0011121052931532683
0.0008735957065679467 0.9963796258157546 0.002746778477677464
0.0015563710742071434 0.9972412898948152 0.0012023390309777498
0.0065558083062444445 0.9918855705837694 0.0015586211099862307
0.03713120821660656 0.9604867925314814 0.002381999251912153
0.33753969546135765 0.6527303787089087 0.009729925829733706
0.9566861153463135 0.03771037643561866 0.005603508218067902
0.582714906027875 0.4068672349909761 0.010417858981148949
0.9546890938534093 0.037035223950703355 0.008275682195887436
0.9079530285097118 0.0837667389495999 0.008280232540688305
0.9940737132966158 0.00019855215077745837 0.005727734552606883
0.9899454315517283 0.00041982061121899816 0.009634747837052558
0.9901746070934953 0.00017357881532717036 0.009651814091177553
0.9874639545418505 2.175102727471677e-06 0.01253387035542201
0.9864713029506547 3.828048541233102e-05 0.013490416563933055
0.9884797056181146 1.6417699886926967e-07 0.0115201302048866
0.9905693100705395 5.526334928186094e-07 0.009430137295967613
0.9897844887267586 2.502813659404938e-06 0.010213008459581934
0.9894736508372967 0.0008399105416777212 0.00968643862102569
0.9905667840546912 0.0007031610554729938 0.008730054889835791
0.989993554915709 0.0013325817674618731 0.008673863316829233
0.9910892640751615 0.0002827031778904254 0.008628032746948093
0.9899590021976985 0.0014007468020509346 0.008640251000250438
0.9908113100283127 0.0004866468167721213 0.00870204315491521
0.9913325809359329 5.7334052951709115e-05 0.008610085011115324
0.9862593349514541 0.005653903315006148 0.008086761733539805
0.9877953547099915 0.004123893846904322 0.008080751443104254
0.9917986269526339 9.752660767905199e-05 0.008103846439687225
0.9888733564202298 0.0030509384990033725 0.008075705080766816
0.9910581742058417 0.000849603440738913 0.008092222353419205
0.9863569894400411 0.005587979118694522 0.008055031441264385
0.9876286424019645 0.004308355493281921 0.0080630021047535
0.989857670221045 0.0020621396305854287 0.00808019014836963
0.9910516172379378 0.0008573674395334204 0.008091015322528901
0.9894563447160758 0.0024667588996942157 0.008076896384229999
0.9918160891297394 8.83435662042448e-05 0.008095567304056297
0.9860634924670699 0.0058892650320433995 0.008047242500886724
0.9915491620705496 0.00035894871119267305 0.008091889218257806
0.9867697334475746 0.005176748367187902 0.008053518185237515
0.9858897678878237 0.0060591938660041166 0.008051038246172055
0.9912113756317963 0.0006564360900907764 0.00813218827811285
0.9908560245725313 0.0010003373313264485 0.008143638096142405
0.9918097527873119 2.6865993345316367e-05 0.008163381219342748
0.991013139743296 0.0008040267226113188 0.00818283353409282
0.9911041439942754 0.0007094243079927934 0.008186431697731719
0.9918405617417972 1.0096826587668192e-05 0.008149341431615114
0.9915344821914955 0.00022934315351198447 0.008236174654992351
0.9915689505216629 0.00026230968059701013 0.008168739797740016
0.9917549225656955 7.69539739184048e-07 0.008244307894565333
0.9916172639513824 6.272916774907303e-05 0.008320006880868511
0.9917626328243194 8.268573696168043e-06 0.008229098601984437
0.9920396879976294 4.95274158939609e-06 0.007955359260781152
0.9912998186183174 0.00039252488512624996 0.008307656496556248
0.9913447076504158 0.0003615802751638167 0.008293712074420407
0.9915506864321368 4.693326557427407e-06 0.008444620241305639
0.9909765331972329 0.0004893358614988637 0.008534130941268273
0.990107904358364 0.00012788274219317498 0.009764212899442765
0.9911270168214489 0.00035823494822222424 0.008514748230328849
0.9951841255824353 1.6063198605784777e-05 0.004799811218958849
0.9876911724010803 0.0038304894938137354 0.008478338105106058
0.9761216025279822 0.01684909402427968 0.007029303447738132
0.9464521803626695 0.04660930981453144 0.00693850982279895
0.9938588522293547 0.001376695539362969 0.0047644522312823515
0.8182810336250178 0.17229712915972686 0.009421837215255422
0.9043132560270359 0.08793417783097811 0.007752566141986
0.9494842886536521 0.043172484910697424 0.0073432264356505
0.25222398125000145 0.7418309872318015 0.005945031518197059
0.05834404523010212 0.9395677585204171 0.002088196249480741
0.10522726908805592 0.8899789813193334 0.004793749592610668
0.1262035241331719 0.8679012531935371 0.0058952226732909944
0.23924593237083264 0.7506111882629116 0.010142879366255584
0.12781328351956567 0.8661251874042881 0.006061529076146301
0.05125628739257222 0.9437819069369892 0.004961805670438658
0.05877754367999531 0.9385765015900803 0.0026459547299243187
0.014600518913695255 0.9834564369555874 0.0019430441307173231
0.5838797326987778 0.37963125895253247 0.03648900834868974
0.015619078796327153 0.9804865992399586 0.003894321963714231
0.0035788782508989546 0.9945900327197393 0.001831089029361747
0.01001309534948372 0.9846234355682256 0.0053634690822906405
0.0023910338735334312 0.9958261640106114 0.0017828021158552846
0.00235525447626087 0.9958549818661515 0.001789763657587558
0.0030192793878619415 0.99451310965399 0.002467610958148062
0.001843555960549386 0.995556389188336 0.0026000548511145184
0.002461099125604143 0.99206000543733 0.00547889543706589
0.02216740993181085 0.8539472048256153 0.12388538524257381
0.006620702823496546 0.9468611272480374 0.04651816992846595
0.0019353294370375305 0.9594077240756704 0.038656946487292065
0.002389220455638086 0.9694191136103867 0.02819166593397511
0.0020840986250673437 0.9198656483993825 0.07805025297555021
0.007163093673729652 0.23522503220480026 0.7576118741214701
0.011181224403965313 0.032591789651312694 0.956226985944722
0.007984602379308071 0.17448921781684446 0.8175261798038476
0.0058253042374397665 0.09351204739145669 0.9006626483711035
0.007022012827070255 0.21364225935832937 0.7793357278146004
0.010095442567301258 0.04030555235371249 0.9495990050789863
0.007742456475025334 0.1381014034604779 0.8541561400644968
0.008651961661626453 0.01759169033880144 0.9737563479995721
0.011171745406267655 0.0001665187918275011 0.9886617358019049
0.006706991629502422 0.008116616189256244 0.9851763921812413
0.011912173834676585 6.01261891724434e-05 0.9880276999761509
0.009527101292576706 0.006114509193222849 0.9843583895142005
0.009939595323167223 0.0005576416689371167 0.9895027630078956
0.009430533211400955 0.00019442310898809548 0.990375043679611
0.008878240689003858 0.06675422175803526 0.924367537552961
0.008046249723606735 0.1035939365791149 0.8883598136972782
0.009311368626116851 0.03139561854353884 0.9592930128303443
0.00933696167302122 0.011620848031283873 0.979042190295695
0.008269814984044582 0.11679913457644484 0.8749310504395106
0.00918739893319718 0.019552839860113674 0.971259761206689
0.009199495967361424 0.01965500265957839 0.9711455013730602
0.008968035693777148 0.045498619984612104 0.9455333443216107
0.008504523797333198 0.09474231297840532 0.8967531632242615
0.008748293127981501 0.07668827333751552 0.9145634335345029
0.008527937312824328 0.09512878284472995 0.8963432798424457
0.009101986851543654 0.03934142605205326 0.9515565870964031
0.009433844936873888 0.01993304288868309 0.970633112174443
0.009678735940025338 0.002010649889599101 0.9883106141703755
0.008627324290064731 0.12956329805929712 0.8618093776506381
0.009758958203983524 0.01974905558341533 0.9704919862126011
0.00987675778814068 0.0020093194862661366 0.9881139227255931
0.008986321530140548 0.1262293052985407 0.8647843731713187
0.010507394934940593 0.02028327370214804 0.9692093313629114
0.013130066932102292 0.051275380236237025 0.9355945528316607
0.010473533476341503 0.09324303532350668 0.8962834312001519
0.01111450093565733 0.09124334827788548 0.8976421507864571
0.013933157100264925 0.039344209818475424 0.9467226330812597
0.044213587392363335 0.00400445174160841 0.9517819608660283
0.034484599535588516 0.015898698960892788 0.9496167015035186
0.050472634919211605 0.0006178083101702772 0.9489095567706182
0.07893699331458252 6.187010255526323e-05 0.9210011365828621
0.04457085620005122 0.000739737510891916 0.9546894062890569
0.051569527639259635 2.2697418048948987e-05 0.9484077749426914
0.045068135963754245 0.00020974772776971 0.954722116308476
0.04517114524513472 0.00014785127249641243 0.9546810034823688
0.04028574143891083 4.604496409846115e-05 0.9596682135969907
0.04041054403867405 0.00019234520080518145 0.9593971107605208
0.054610861560556015 3.0710545986783336e-06 0.9453860673848453
0.047865539279761046 8.220886139960202e-05 0.9520522518588392
0.047535205945898606 1.7303983323372882e-05 0.952447490070778
0.048536490033604746 3.8090020282465134e-07 0.9514631290661925
0.04866678354399667 1.686041636756156e-06 0.9513315304143667
0.04794793164720898 2.729137339745044e-06 0.9520493392154513
0.047885097014402425 2.3239448271991747e-08 0.9521148797461494
0.0479250730904758 7.417048714417144e-08 0.952074852739037
0.04795978955629288 1.2859201963963016e-08 0.9520401975845051
0.04792399668560174 3.8475171534637054e-10 0.9520760029296466
0.04795421275641546 1.4360094564312551e-09 0.952045785807575
0.04793884571502164 4.636045003370986e-10 0.9520611538213739
0.04795307789307127 2.688513009064789e-10 0.9520469218380775
0.04795012295199253 1.2620659026353407e-11 0.9520498770353868
0.04795066451020553 1.3968771756807317e-10 0.9520493353501067
0.04795067008556699 2.9779502534505727e-10 0.952049329616638
0.04795094451502486 1.070152366411418e-09 0.9520490544148228
0.047950994783705674 6.830078202926491e-10 0.9520490045332866
0.04795093664747674 1.0649335827846313e-10 0.95204906324603
0.04795095319810509 1.0532989165364681e-11 0.9520490467913619
0.04795094745272319 1.1147044827909836e-10 0.9520490524358064
0.0479509478755722 2.652626680632369e-10 0.9520490518591651
0.04795094788539437 1.158275123155276e-11 0.9520490521030229
0.04795094804626811 2.2954878263092835e-10 0.9520490517241831
0.04795094806684497 1.0948847024554743e-11 0.9520490519222061
0.047950948037625195 8.72918315791704e-10 0.9520490510894565
0.04795094805954695 1.3329525542863569e-11 0.9520490519271235
0.047950948042795385 6.206574191780944e-10 0.9520490513365472
0.04795094807568011 1.3654928730707857e-11 0.952049051910665
0.04795094808241953 8.680332878513102e-11 0.9520490518307771
0.047950948054201435 7.227841774946841e-10 0.9520490512230144
0.047950947656741974 1.1823894079654065e-11 0.9520490523314342
0.047950948051614775 6.642772589336285e-10 0.9520490512841079
0.0479509474994647 7.0879130235359715e-12 0.9520490524934474
0.047950949258849344 2.3088869260083467e-10 0.952049050510262
0.047950941662095105 4.2718227980402734e-11 0.9520490582951867
0.04795092546036908 3.825473275860356e-11 0.9520490745013762
0.04795119602429685 1.0514545078583384e-11 0.9520488039651885
0.047950862042718916 2.954158931203956e-11 0.9520491379277395
0.04795086396126994 9.865089001771777e-12 0.952049136028865
0.04795125382139516 1.6203681747125245e-10 0.952048746016568
0.047950850276130906 8.421928823280942e-09 0.9520491413019403
0.04795077454256029 1.2956321391195685e-08 0.9520492125011183
0.04795447282740929 3.317132294543866e-10 0.9520455268408774
0.04794443087705981 6.431833943061536e-10 0.9520555684797568
0.04794684336398839 1.3543135273355684e-07 0.9520530212046588
0.0479439490262035 9.028578675800242e-08 0.9520559606880098
0.047934349816613465 1.18175470632278e-06 0.9520644684286803
0.04794378634283128 1.7456683010835272e-07 0.9520560390903386
0.04793407192245719 1.362613972683735e-06 0.9520645654635701
0.04799693490552695 8.092462244160518e-08 0.9520029841698506
0.047943549974251785 4.6491981961148186e-07 0.9520559851059287
0.04797691507317895 1.0615454711468627e-07 0.952022978772274
0.04794538667934863 3.2905757068946528e-06 0.9520513227449444
0.04789727689818564 0.0008346687722047586 0.9512680543296097
0.04793754578921128 9.665579783768242e-05 0.951965798412951
0.04784504187617944 0.0020129552610989258 0.9501420028627217
0.047845557634119754 0.0021278654964971273 0.9500265768693831
0.04784351520081541 0.0021728060811124312 0.9499836787180722
0.04791575862201811 0.0006639092635039899 0.9514203321144779
0.047935858919241944 0.00024387853910956536 0.9518202625416485
0.04793104689211218 0.00034354136370880634 0.951725411744179
0.04791408511327994 0.0006956066495975052 0.9513903082371226
0.04793092165959998 0.00034572917729109356 0.951723349163109
0.04791404996752551 0.000696452456272886 0.9513894975762015
0.047946365833758664 3.545098312094618e-05 0.9520181831831204
0.04793102746211553 0.00034771746695866037 0.9517212550709258
0.04791949687439998 0.0005928497421720441 0.951487653383428
0.04782420746782935 0.0025795513412629747 0.9495962411909077
0.04793106335225769 0.0003495632283978748 0.9517193734193444
0.047944799446315 7.004584055644344e-05 0.9519851547131285
0.047860109422349126 0.0018264572316940353 0.9503134333459569
0.04785739922335736 0.001884803043078169 0.9502577977335644
0.047858797580583125 0.0018791034370102232 0.9502620989824068
0.04796218614448191 0.0003098312125981409 0.9517279826429199
0.04788264412970537 0.0023817722591124835 0.9497355836111822
0.04817138829912497 0.0012442966281902487 0.9505843150726847
0.04861175608542945 7.019556622374612e-06 0.9513812243579481
0.04828423871351963 9.768970112800515e-06 0.9517059923163675
0.04864443800759243 2.2650047384339595e-06 0.9513532969876692
0.048435142161925716 7.2435415508919015e-06 0.9515576142965234
0.04837921432647202 1.4136331975811175e-05 0.9516066493415521
0.04856749714501363 5.140917270774592e-05 0.9513810936822785
0.04856758300328578 5.107987761693528e-05 0.9513813371190973
0.049379048712199336 1.7180471087395918e-06 0.9506192332406919
0.04856949245363699 4.4943817324824824e-05 0.9513855637290383
0.048483405303214565 4.593167514102571e-07 0.951516135380034
0.048568504749111445 1.0825668291864333e-05 0.9514206695825966
0.048573438792142286 2.9522017126497384e-05 0.9513970391907312
0.048583002628930574 3.144539591849562e-06 0.9514138528314775
0.048581407756168406 2.299048621618413e-05 0.9513956017576154
0.04858144259841059 3.776906384589049e-06 0.9514147804952048
0.04858422702599678 3.0245288792794576e-06 0.951412748445124
0.04858163632182141 1.5971867433796162e-05 0.9514023918107448
0.048585376643761856 1.181103799770182e-06 0.9514134422524383
0.048600105124456235 6.026997208256472e-08 0.9513998346055718
0.04859882656505405 5.0764300102465424e-08 0.9514011226706459
0.04858803925614076 2.0223412018330103e-06 0.9514099384026574
0.04858702568434725 1.914035571367562e-06 0.9514110602800814
0.04859065218585111 3.702772238177248e-07 0.9514089775369251
0.048588161917764494 2.9761741907411248e-08 0.9514118083204935
0.04859058845814017 9.362448308163648e-08 0.9514093179173768
0.048589691725124604 1.8724192794304998e-06 0.9514084358555959
0.04859057827547554 5.135176311111398e-07 0.9514089082068933
0.04858923702468181 1.6829812141601437e-06 0.9514090799941041
0.048589596928387636 1.6057493653606852e-06 0.951408797322247
0.04858996713527362 1.342028536916146e-07 0.9514098986618728
0.048589973228919135 1.0393842587958499e-07 0.951409922832655
0.04858965773028387 3.5523801300095767e-08 0.9514103067459148
0.04858949089299697 2.855186590036009e-07 0.951410223588344
0.04858953510033299 4.0515901545624095e-06 0.9514064133095125
0.04858950577152985 4.23464399195319e-06 0.9514062595844781
0.048589493449346315 4.428976774984483e-06 0.9514060775738786
0.04858984727627224 4.0813430934454177e-07 0.9514097445894184
0.048589125826790106 8.363829753548877e-08 0.9514107905349123
0.04858919443577343 7.681805006018774e-07 0.951410037383726
0.048589240437443934 5.472006957732743e-06 0.9514052875555983
0.04859307380246455 2.1923734920526392e-07 0.9514067069601863
0.0485901140959347 4.980858377014308e-07 0.9514093878182276
0.048590193407787585 5.278545734466107e-07 0.951409278737639
0.04858885908507825 7.642837297969311e-06 0.9514034980776238
0.048588026333683546 2.2122988358784486e-06 0.9514097613674806
0.048592606278198995 4.449565455119787e-06 0.9514029441563459
0.04858882072593219 3.766664999009157e-06 0.9514074126090689
0.04858865494377112 4.152841883068979e-06 0.9514071922143459
0.04858630099965719 9.355320284716569e-06 0.951404343680058
0.048589009174940634 1.3015282258877544e-06 0.9514096892968336
0.04859031425148594 8.897406723045715e-07 0.9514087960078418
0.04858273993825806 3.2964206133869636e-05 0.951384295855608
0.048584807818234384 4.764463661532727e-05 0.9513675475451502
0.04858666944849857 1.5575245081750107e-05 0.9513977553064197
0.048582814537051114 8.106404862770337e-05 0.9513361214143212
0.04858703446494377 1.888782723769187e-05 0.9513940777078185
0.0485881186883166 3.2679464689137826e-06 0.9514086133652144
0.04857937059874 0.00019222162277717254 0.9512284077784828
0.048587580007203174 2.2312221645964917e-05 0.951390107771151
0.048588737512267374 3.849849233979825e-06 0.9514074126384986
0.048580905535385 0.000168408323870433 0.9512506861407446
0.048580774204410274 0.00017353447006403117 0.9512456913255257
0.04857696972919031 0.00025571384102748645 0.9511673164297823
0.0485893148524878 3.816782403617569e-06 0.9514068683651086
0.04858954121040171 3.4176389932163678e-06 0.9514070411506051
0.048584914208703624 0.00010163942753192465 0.9513134463637645
0.04858494014853308 0.00010145176356520415 0.9513136080879017
0.048587154850690394 5.878911731704523e-05 0.9513540560319925
0.04857866081273222 0.00023070711478908343 0.9511906320724788
0.04858507383499595 9.904873834375998e-05 0.9513158774266602
0.048580914645614766 0.00018194429861212387 0.9512371410557731
0.04858097722528874 0.00018500072162199892 0.9512340220530893
0.04859093616342612 3.3312988024442706e-05 0.9513757508485494
0.04859094939205855 3.444437432720333e-05 0.9513746062336143
0.04858766977020063 0.00014766047655529838 0.951264669753244
0.0486108671013736 0.00011378076739155442 0.9512753521312349
0.04863659783028728 1.0620614509398159e-07 0.9513632959635676
0.04863825849622301 4.6001797288497796e-08 0.9513616955019797
0.048638659543785115 5.14361384362575e-07 0.9513608260948305
0.04873875235083659 2.298347681495159e-07 0.9512610178143952
0.0486388540639675 2.565592807621586e-07 0.9513608893767518
0.04863310908150481 5.290477927265925e-06 0.951361600440568
0.04865111087285301 2.5270412166046332e-05 0.951323618714981
0.04865946022359544 2.1035677489565174e-06 0.9513384362086555
0.04866000143541826 7.772811636369417e-06 0.9513322257529454
0.04864434254049134 5.167128818442281e-06 0.9513504903306903
0.04865096654075216 2.496860453210033e-05 0.9513240648547157
0.048652365348056004 5.3201938105007766e-06 0.9513423144581334
0.048651384641167965 2.7027982933151255e-05 0.9513215873758989
0.0486524846631492 9.045774264983686e-06 0.9513384695625858
0.04865255438153617 5.3660398037509544e-06 0.95134207957866
0.04865118977351888 2.7638539594190743e-05 0.9513211716868869
0.04865255699714571 5.411019818497853e-06 0.9513420319830358
0.04865224311787391 1.0532747621759402e-05 0.9513372241345043
0.048652256127827566 1.0513179626038987e-05 0.9513372306925464
0.04865308818270169 1.063972602229856e-06 0.951345847844696
0.04865143165613725 2.743073260684172e-05 0.9513211376112559
0.04865438769305694 1.1201252319664532e-06 0.9513444921817111
0.04865662631879538 2.2459302116832947e-06 0.9513411277509929
0.04865196806896563 5.757414281332339e-05 0.9512904577882211
0.04865408577223198 2.509111500110849e-05 0.9513208231127669
0.048653466725663404 5.65955411113893e-05 0.9512899377332252
0.04865722188826852 2.1399822630337916e-05 0.9513213782891011
0.04867393040604246 2.0717359162628553e-06 0.9513239978580412
0.04866064230832986 1.747432164454019e-05 0.9513218833700255
0.048670537639814444 6.05415152173687e-07 0.9513288569450334
0.048659820620610465 5.00005999002683e-05 0.9512901787794893
0.0486602666725013 6.909622615922487e-06 0.9513328237048827
0.04866062373928859 7.055830730650082e-07 0.9513386706776383
0.04866280079506662 1.1941883833976502e-05 0.9513252573210994
0.04865907021749529 4.527618804926814e-06 0.9513364021636997
0.048659759552457084 5.303367710724655e-05 0.9512872067704358
0.04865973723461244 3.7152404123823834e-05 0.9513031103612637
0.04865981057238837 5.325049779717559e-05 0.9512869389298145
0.048660560224779006 3.7385479356704594e-05 0.9513020542958642
0.048662562349767215 6.11872798575138e-07 0.9513368257774342
0.04866252511847215 7.288667332443394e-07 0.9513367460147947
0.048661882136038365 1.7369952559884164e-05 0.9513207479114018
0.048660911170135275 3.779539242154879e-05 0.9513012934374431
0.04866359524668433 6.019229666493794e-06 0.9513303855236491
0.048663068452884824 1.5201439066486845e-05 0.9513217301080487
0.048662269559753724 3.360246679421485e-05 0.9513041279734521
0.04867079523478327 9.838054962150008e-08 0.9513291063846671
0.048672984544710696 8.420412213566838e-06 0.9513185950430758
0.04868722425165745 4.820012208724655e-08 0.9513127275482205
0.048676807092708545 1.9090653205366822e-07 0.9513230020007594
0.048687233097299144 5.3332830509130915e-08 0.9513127135698703
0.04867687053864617 6.08454561718288e-08 0.9513230686158977
0.0486724693626911 1.5878109687473535e-06 0.9513259428263401
0.04867273991865511 1.3970743432624565e-06 0.9513258630070016
0.04867582212113911 1.6876139017727465e-06 0.9513224902649591
0.04867718643974005 1.3681378352949279e-08 0.9513227998788816
0.048676246115570594 4.7772642597982456e-08 0.9513237061117868
0.04867592395997341 2.65843300910601e-07 0.9513238101967256
0.04867669288277066 6.52218191602248e-10 0.9513233064650112
0.048675783425678486 3.3653619525265934e-10 0.9513242162377854
0.048675965895406875 2.514747058662817e-08 0.9513240089571225
0.048676800799347913 2.252022368491053e-09 0.9513231969486298
0.048676562969748885 8.806509630418047e-10 0.9513234361496001
0.04867588097232267 1.3705545007767429e-08 0.9513241053221323
0.04867644084905265 1.1273650188710827e-09 0.9513235580235824
0.04867605165287926 2.0659334072816875e-08 0.9513239276877867
0.04867604569381397 3.00917665221542e-08 0.9513239242144196
0.04867601858847413 2.0028636292156744e-07 0.951323781125163
0.048676016361013055 2.407165578483444e-07 0.9513237429224292
0.048676016258753105 2.429408724836991e-07 0.9513237408003744
0.048676025629936635 5.995743451228834e-08 0.9513239144126289
0.04867602708497308 2.484722659620515e-08 0.9513239480678003
0.048676027385609055 4.389652361519648e-09 0.9513239682247385
0.0486760149674542 2.6319956256397595e-07 0.9513237218329832
0.04867602808813009 3.9876420302370975e-09 0.9513239679242279
0.04867602906720345 1.0640820458853022e-08 0.9513239602919761
0.048676014313033804 3.049690979297405e-07 0.9513236807178683
0.048676026435691265 4.1276072202735816e-08 0.9513239322882364
0.0486760282984487 3.701843180694053e-09 0.9513239679997081
0.04867602816781422 3.7071402633356426e-09 0.9513239681250455
0.04867602789913363 3.7672967758879716e-09 0.9513239683335696
0.048676020220092084 1.865812362356659e-07 0.9513237931986717
0.048676015828106926 2.2333883670336152e-07 0.9513237608330564
0.04867601243024597 3.028463800667178e-07 0.951323684723374
0.0486760145921692 2.3911375617081155e-07 0.9513237462940747
0.048676056722099195 1.322946108361951e-07 0.9513238109832899
0.0486760459298703 3.1408595476863888e-09 0.9513239509292701
0.04867606916668727 1.5983480287696242e-08 0.9513239148498325
0.04867605100987114 3.9215441774249275e-08 0.9513239097746871
0.04867607423809762 1.3491586822557637e-08 0.9513239122703155
0.048676056730019554 9.213068118989547e-08 0.9513238511392992
0.048676142906702836 1.328706915845141e-09 0.9513238557645902
0.04867609277554877 5.41503427993937e-09 0.951323901809417
0.04867614386370117 1.3492940096973709e-09 0.9513238547870048
0.04867606407381964 4.337505170694931e-08 0.9513238925511287
0.048676095739511385 1.1737559839235775e-07 0.9513237868848903
0.048676110011971814 1.0956103209509481e-07 0.9513237804269962
0.04867607472534747 1.9097905562590445e-07 0.951323734295597
0.04867607899951768 3.9918479499770364e-09 0.9513239170086344
0.04867607515755955 1.523426496199268e-07 0.9513237724997909
0.04867608844634896 2.7281358664941615e-08 0.9513238842722924
0.0486760970712916 1.4194613054817203e-08 0.9513238887340953
0.048676094683214315 3.109209410150277e-09 0.9513239022075762
0.048676097480157283 3.3087739088399667e-09 0.9513238992110689
0.04867608805220128 2.1553397247497344e-07 0.9513236964138262
0.04867608635102483 3.301439363979105e-07 0.9513235835050388
0.048676088047286084 2.3214576205138796e-07 0.9513236798069519
0.048676103585174095 1.9334520250832317e-08 0.9513238770803056
0.048676099776371926 5.8529447190994755e-09 0.9513238943706834
0.04867611929300478 1.1059364793986816e-08 0.9513238696476304
0.04867609941864701 4.8483066390834236e-08 0.9513238520982866
0.04867609795094312 9.007929932926284e-08 0.9513238119697576
0.04867609174157684 2.415357203352673e-07 0.9513236667227029
0.04867610429104939 4.446265292889882e-08 0.9513238512462977
0.04867613695949782 2.6378632971187704e-08 0.9513238366618691
0.04867620805307228 5.658890728604537e-09 0.951323786288037
0.048676094505597366 3.2563859575811917e-08 0.951323872930543
0.04867618753598005 1.555614698487077e-07 0.9513236569025502
0.04867609119080229 1.438805157922038e-07 0.9513237649286819
0.04867612866760775 3.682551249242676e-10 0.9513238709641372
0.04867610831761917 5.432601005398564e-09 0.9513238862497798
0.04868289357575494 1.7387846285256273e-09 0.9513171046854605
0.04867564526658115 5.073291289651701e-09 0.9513243496601275
0.04868336632419143 1.3100543863796823e-09 0.9513166323657543
0.04867496633631083 1.5105287397700588e-08 0.9513250185584017
0.048681099645517416 5.546732647763894e-09 0.9513188948077499
0.048676036000105415 5.883155275077918e-07 0.951323375684367
0.048677928509864854 4.414280858977807e-07 0.9513216300620492
0.0486809427014028 1.5624315663333728e-08 0.9513190416742816
0.048673948365100965 1.2513701463190894e-08 0.9513260391211975
0.04868069519177026 2.8079346008037013e-08 0.9513192767288837
0.04867079212810597 1.0368451198816485e-05 0.9513188394206952
0.0486709402830478 5.2094844019523525e-06 0.9513238502325502
0.04867073979464742 4.4845351225346024e-06 0.9513247756702301
0.04867077260583412 3.3615810342377136e-06 0.9513258658131317
0.0486707495618586 3.3436593557402783e-06 0.9513259067787857
0.048670684011343314 4.420180668964624e-06 0.9513248958079877
0.04866978301668213 2.2748291309317058e-05 0.9513074686920087
0.04866929991294201 3.266746761346442e-05 0.9512980326194446
0.048670316502303315 1.1780515881911165e-05 0.9513179029818147
0.0486708171946987 1.4925783474178966e-06 0.9513276902269538
0.04867031803556807 1.1750384433713134e-05 0.9513179315799982
0.04866978732494732 2.2639393371540665e-05 0.9513075732816811
0.04867087191111518 4.4890524421427707e-07 0.9513286791836406
0.04867076254938309 2.710319874099812e-06 0.9513265271307428
0.04867073991065955 3.0478737372929705e-06 0.9513262122156031
0.048670347152298434 1.165322762517673e-05 0.9513179996200763
0.048670006683537874 1.9012321815226614e-05 0.9513109809946468
0.04866981445180988 2.0167772893556876e-05 0.9513100177752966
0.04867630966011661 2.58356588067583e-08 0.9513236645042246
0.048672856732431914 1.3914318219958141e-08 0.9513271293532498
0.04867089448314023 3.5292193580247747e-07 0.951328752594924
0.048672895100472784 3.4424975194986063e-09 0.9513271014570297
0.04867761004272943 6.62096343480845e-10 0.9513223892951742
0.048673808960565834 2.887143211080125e-08 0.9513261621680021
0.04867164348415507 2.539481078464183e-07 0.951328102567737
0.04867502279657938 9.814875505999272e-07 0.95132399571587
0.048672417068887 1.7993672503947433e-05 0.9513095892586091
0.048679240239401525 1.1472837714892798e-06 0.951319612476827
0.04867407451838758 4.6331633523072095e-06 0.9513212923182601
0.04867257208993524 1.2244186277755146e-05 0.951315183723787
0.048665883365084296 0.0001809367296685045 0.9511531799052473
0.04867160844075175 7.810896547991236e-05 0.9512502825937683
0.04867543426707433 7.111884247658643e-06 0.9513174538486779
0.048675295961719836 1.5566238125057985e-05 0.951309137800155
0.048674236943313756 4.1034797674643366e-05 0.9512847282590116
0.04866552437937391 0.0002246511768795356 0.9511098244437465
0.04867598612016972 5.969662020900473e-06 0.9513180442178094
0.04866311435450518 0.00026978429546937387 0.9510671013500255
0.0486629839381439 0.00027240327253426447 0.9510646127893219
0.048673600706950024 5.3708974052605475e-05 0.9512726903189974
