inside membrane outside
0.12991795683882948 0.0 0.8700820431611705
0.09563721660207891 7.577290708209439e-06 0.9043552061072129
0.08628845994199459 1.7816534715621232e-06 0.9137097584045338
0.13186243269071454 3.093081388325065e-05 0.8681066364954022
0.08627848099398058 1.2462446072836878e-05 0.9137090565599465
0.1258441082378794 1.4366522382145498e-05 0.8741415252397384
0.07209911086966826 0.004130868964890631 0.9237700201654411
0.1093228780906625 0.002224408411531895 0.8884527134978056
0.07478358778158145 0.0015343372223675141 0.923682074996051
0.10554154572622067 0.0034497649085771225 0.8910086893652023
0.10665630898756408 0.0008412984451346354 0.8925023925673014
0.10846627635628105 0.0001473418506225545 0.8913863817930964
0.1028781157903425 0.0021245774811816005 0.8949973067284759
0.10305551854428767 0.00018297048263320577 0.8967615109730791
0.10123066670446607 0.018580230641062866 0.8801891026544711
0.10306790726802015 0.0010955873343705589 0.8958365053976093
0.10289385580631986 0.00209771442586527 0.8950084297678148
0.10155393361570496 0.015053497345768444 0.8833925690385265
0.10154831048763326 0.015072679504956978 0.8833790100074097
0.10152558086243571 0.015277387464606303 0.883197031672958
0.10084687565630121 0.021850697867998693 0.8773024264757001
0.10152648673680233 0.015262379648673434 0.8832111336145242
0.10303603568189992 0.000657024431150267 0.8963069398869499
0.1030672011310468 0.0003279952354455409 0.8966048036335077
0.10104860185709566 0.019923248975925737 0.8790281491669786
0.1018151495485414 0.012447330033549031 0.8857375204179095
0.10120859801974293 0.01838024996130666 0.8804111520189504
0.10267189898718522 0.0044429821542976335 0.8928851188585172
0.10190149552644906 0.01137340814812772 0.8867250963254232
0.1073954621714285 4.300314566287381e-05 0.8925615346829087
0.10079996838118573 9.064303513692823e-06 0.8991909673153006
0.1049907224343058 4.7071720177595745e-05 0.8949622058455167
0.1576999372433449 6.006026696950723e-06 0.8422940567299582
0.09044700203509091 0.00024426183344550853 0.9093087361314636
0.08254790058427627 4.502774403757092e-05 0.9174070716716861
0.12557227641399643 0.0003652126827493895 0.8740625109032543
0.11176384538704227 9.565946050762887e-05 0.8881404951524501
0.10164852861721498 0.004452604372799957 0.8938988670099851
0.15995525955921705 0.00013398403249097188 0.8399107564082919
0.07947469954373564 0.020166572521632602 0.9003587279346318
0.2157139289273363 0.01010604179579889 0.7741800292768648
0.04973753006236583 0.05176208610654243 0.8985003838310918
0.013258616161645868 0.6055914687622479 0.3811499150761063
0.002163285810952837 0.9149527697100711 0.08288394447897608
0.0007518491379259339 0.9864171362632832 0.012831014598790866
0.00045249942115802006 0.9930395724852444 0.006507928093597563
0.0006192302959764533 0.9958917032915049 0.003489066412518684
0.0014797509452068463 0.9949755595708422 0.003544689483951048
0.0016514444589790915 0.9962287074155607 0.0021198481254602396
0.0005450967581242279 0.9990210042039811 0.0004338990378947604
0.0005548642418046955 0.9990341921472852 0.0004109436109102623
0.002788015937048467 0.9951644842220873 0.0020474998408642965
0.0016392560230344831 0.9971693706292203 0.0011913733477451106
0.000964199304392311 0.998335455799794 0.0007003448958136532
0.0013876415009071523 0.9976037899671466 0.00100856853194633
0.0005428363520896865 0.9990613619882046 0.00039580165970571875
0.001401290320085263 0.997567760456821 0.001030949223093818
0.0005673686932578854 0.9990090982316535 0.000423533075088642
0.0006002627903838971 0.9989370660604584 0.00046267114915779007
0.0016596323385898507 0.9975016252118857 0.0008387424495245465
0.04987786554319048 0.9420753382918795 0.008046796164929983
0.014001749900604663 0.9799144861385388 0.0060837639608565626
0.6168919456867453 0.31624924096877827 0.06685881334447649
0.23825689050823612 0.6910611791715807 0.07068193032018312
0.06904002147014826 0.9028328025737037 0.028127175956148
0.137306817065392 0.8311086203957956 0.03158456253881252
0.8100590339886904 0.07014052265902093 0.11980044335228869
0.920117135752556 0.0002245575102415148 0.07965830673720253
0.8972543856773153 0.0026193794845026114 0.10012623483818214
0.8741012262843152 0.0004074538325144756 0.1254913198831704
0.8687722215204768 1.096875991867627e-06 0.13122668160353135
0.9005713074502849 2.601482585429763e-05 0.09940267772386072
0.9136402604306947 2.1423605728867884e-07 0.0863595253332481
0.8651349808073721 3.6430842044226125e-06 0.1348613761084235
0.9047987038878497 2.444446393985979e-07 0.09520105166751087
0.9431043863993607 1.1888799395033044e-08 0.05689560171184001
0.9098190160259153 1.6550590514031802e-09 0.09018098231902559
0.8974067423796219 1.3482348641400266e-07 0.10259312279689162
0.8973478058637447 1.6017155170254104e-07 0.10265203396470349
0.8974405775345808 3.5429723781544574e-07 0.10255906816818133
0.8973604826781134 2.3646229640019762e-05 0.10261587109224664
0.8969534082339609 0.0005951077357830529 0.10245148403025615
0.8971286661360511 0.00041529971949119123 0.10245603414445759
0.8969761896441085 0.0005868830247060412 0.10243692733118537
0.8974732922784286 3.317117933396362e-05 0.10249353654223743
0.8974627839834213 4.507963628969993e-05 0.10249213638028888
0.8974189370378731 9.388325454365003e-05 0.10248717970758323
0.8974187698666922 9.407653700275217e-05 0.1024871535963051
0.8973593436574397 0.00016034131658490037 0.10248031502597527
0.8968761219292661 0.0006988795157409747 0.10242499855499292
0.8970679587981845 0.000484901189630956 0.10244714001218468
0.8974944061269475 9.780822273298728e-06 0.10249581305077914
0.8974684516541986 3.8792440710492965e-05 0.10249275590509073
0.8973334660968374 0.00018930392145494345 0.10247722998170772
0.8974173472044411 9.595422846669964e-05 0.10248669856709212
0.8974644235208618 4.409368681178953e-05 0.10249148279232642
0.8974932445719804 1.1746923846055082e-05 0.10249500850417347
0.8970139274162503 0.0005460359482388227 0.10244003663551089
0.8968829698069585 0.0006919188697473366 0.1024251113232942
0.8971271320110293 0.0004238466897951165 0.10244902129917552
0.8975036114822209 1.0424893723020065e-05 0.102485963624056
0.8975344254997681 2.3833208953840225e-07 0.1024653361681422
0.8975102524420504 2.1720380227087288e-06 0.102487575519927
0.8975432869439982 2.0730214416100509e-07 0.10245650575385758
0.8975201759406386 1.9605759233400348e-07 0.10247962800176906
0.8975137574599753 4.109931632629854e-07 0.10248583154686139
0.8975203793363224 6.560617423870523e-07 0.10247896460193505
0.8975204688959685 5.566172524200549e-07 0.10247897448677899
0.897542990756368 1.7457301754019065e-07 0.10245683467061441
0.8975167195722888 2.3322061031055302e-06 0.1024809482216081
0.8975162482106349 2.3074620975189974e-06 0.10248144432726759
0.8975162864596267 2.221190252866114e-06 0.10248149235012056
0.8975180235063492 1.049409114759273e-07 0.10248187155273922
0.8975182724259475 5.769323501189739e-09 0.1024817218047291
0.8975180960421482 1.7859561752532494e-08 0.10248188609829005
0.8975181649299215 1.2817843715061891e-08 0.10248182225223476
0.8975182168017016 1.931689732004447e-09 0.10248178126660872
0.8975180471556926 1.6177505847230377e-09 0.10248195122655669
0.897518540330836 1.239271242419095e-08 0.10248144727645155
0.8975162223611114 2.0180386315303803e-07 0.10248357583502544
0.8975187154145513 1.3010544438687296e-07 0.10248115448000443
0.8975187512404159 1.3179566935256435e-07 0.1024811169639147
0.8975173750034728 5.21820632862492e-09 0.10248261977832092
0.8975174359990168 1.0355198478051846e-08 0.10248255364578479
0.8975109266878833 2.224988973901602e-06 0.10248684832314273
0.8975045811513412 4.0772908396855125e-06 0.10249134155781914
0.897471135333767 4.087049862281346e-06 0.10252477761637076
0.8975568275395293 1.2397906919468455e-07 0.10244304848140161
0.897522331334809 7.126570322408166e-07 0.10247695600815881
0.8967957454433306 2.041880744831039e-05 0.10318383574922095
0.9035421840365568 1.538299437573282e-05 0.09644243296906745
0.8986499052903855 2.6068296942098618e-05 0.10132402641267245
0.8933986920479209 6.432411321712451e-07 0.10660066471094691
0.900072179489695 2.313497010127803e-06 0.09992550701329486
0.8989888143252395 9.139807369508885e-06 0.1010020458673911
0.8926590623795218 0.0003952471270649497 0.1069456904934132
0.909151219715139 5.267030942222792e-05 0.09079610997543879
0.8993190205214954 0.0011006280982326937 0.09958035138027202
0.9007849782502896 0.00043184155434682916 0.09878318019536356
0.8802000538608729 0.018193411332267977 0.10160653480685915
0.8623185128069931 0.03524401923640988 0.1024374679565969
0.6038586727890566 0.3180992549835825 0.07804207222736102
0.5358698278211983 0.39420524753201364 0.06992492464678811
0.8195946105944085 0.0757135436492483 0.10469184575634312
0.8101765294195955 0.08594802658769991 0.10387544399270456
0.8756569221435241 0.013264701088488257 0.11107837676798768
0.5407808742986501 0.3911637388094485 0.06805538689190135
0.5907050886138668 0.33524954899964443 0.07404536238648877
0.853460186612908 0.04089394436288795 0.1056458690242041
0.8733723118636327 0.018968336348731966 0.10765935178763524
0.5898220844922402 0.3361004765501305 0.0740774389576294
0.6867440949728802 0.24430761122988665 0.06894829379723309
0.514754380948757 0.42165407846239505 0.06359154058884792
0.5157022595804122 0.4205799946487747 0.06371774577081309
0.5796693253713019 0.3463919685492213 0.0739387060794769
0.9076293099396225 0.020113358724499368 0.07225733133587818
0.5233845688790887 0.41253622637760146 0.06407920474330979
0.5449686048887192 0.37022794204926673 0.08480345306201395
0.529270954692449 0.40843383448848275 0.06229521081906825
0.645024612757416 0.025120227524083105 0.329855159718501
0.8792243434404506 0.006633918929658149 0.1141417376298912
0.38503250734226335 0.4153314827383865 0.19963600991935018
0.5071956273172257 0.29720684121204843 0.19559753147072598
0.5892444414085284 0.11906406543404886 0.2916914931574227
0.7867747902252163 0.011712564156337693 0.20151264561844587
0.5528000751549671 0.16523571435742918 0.28196421048760384
0.4925138298176574 0.26028353320910347 0.24720263697323902
0.30088172770539345 0.3978513127179419 0.30126695957666466
0.037314585133084235 0.9287787159246329 0.03390669894228287
0.032829150807113225 0.936763795990145 0.030407053202741657
0.030010512984335668 0.9405477606014568 0.02944172641420756
0.12195618203702421 0.7611581509944918 0.11688566696848396
0.2893015578435415 0.45049420302772025 0.2602042391287382
0.0567485438693465 0.8877186687787142 0.055532787351939276
0.021984136982200926 0.9556631994751343 0.022352663542664786
0.017113052116083455 0.9608538565391326 0.02203309134478392
0.021320535026830144 0.9508092961781724 0.027870168794997374
0.015043977774278794 0.9652740167083095 0.01968200551741184
0.021345067522980446 0.9504522909283974 0.02820264154862203
0.2822479717623038 0.2598394170983764 0.4579126111393197
0.06026266425308625 0.8317544205937233 0.1079829151531904
0.034956235176227604 0.8917844297960019 0.07325933502777054
0.02310619909609211 0.9239956915564622 0.05289810934744569
0.08638868894245692 0.6487804044453309 0.2648309066122122
0.026089615179865955 0.8257845776490884 0.14812580717104568
0.026819529366472156 0.8132515125381529 0.1599289580953751
0.039270215408773713 0.7768866520506642 0.18384313254056212
0.0747932758466986 0.6258562100812228 0.29935051407207847
0.28088074795407536 0.012676656352631793 0.7064425956932929
0.11518154379068701 0.3503715343696288 0.5344469218396843
0.18605572565895726 0.002936893303156137 0.8110073810378866
0.18346035371332273 0.026619436570868602 0.7899202097158087
0.2812286484141714 0.009054382745917777 0.7097169688399109
0.25196268979400094 0.09274265257299169 0.6552946576330074
0.20397781304278406 0.055933898854357525 0.7400882881028584
0.3207574877589219 7.200090434715374e-05 0.679170511336731
0.24122823043863972 0.0003979949717500157 0.7583737745896102
0.19215372377378181 0.002332021866462578 0.8055142543597555
0.24298033531551028 0.002111456426170624 0.7549082082583192
0.18196258394791973 0.0004558708993993003 0.8175815451526809
0.17812130696783682 0.00023515203414546199 0.8216435409980176
0.24341869402769922 4.1096091321127934e-05 0.7565402098809796
0.17641000062833648 0.00010686625786514001 0.8234831331137984
0.32540009942566767 3.9329698899162176e-06 0.6745959676044423
0.32542296958346695 5.041821773960821e-05 0.6745266121987935
0.17017041739481245 0.030860953367849185 0.7989686292373384
0.23453984643267 0.024500784004386152 0.7409593695629438
0.42875825914140214 0.005756147758122966 0.5654855931004749
0.16512422413550767 0.007444002239050096 0.8274317736254422
0.0236509051968695 0.8926554565239042 0.08369363827922632
0.011420151030936741 0.9742075134153716 0.014372335553691754
0.01249350412235628 0.9707038168357925 0.016802679041850985
0.00948107227008183 0.9819709472524627 0.008547980477455553
0.01114592530679 0.9815934410307474 0.007260633662462615
0.010331678345262234 0.9835759378128878 0.006092383841849974
0.007119744850857924 0.988772267563147 0.004107987585995197
0.017808763345391772 0.9719335730975381 0.01025766355707006
0.008019951226003826 0.9873611371620113 0.0046189116119847995
0.07702516788008248 0.8786849471702891 0.044289884949628475
0.01782055133288338 0.9719436446406262 0.010235804026490377
0.049011215782571046 0.9228414439008539 0.028147340316575
0.019162748265575458 0.9698493532325803 0.010987898501844366
0.031737801279847294 0.9502401590158073 0.01802203970434539
0.10452561403398583 0.8402594386537692 0.055214947312244946
0.021807838980561184 0.967159223847454 0.011032937171984836
0.02732335542947778 0.9607108310307901 0.01196581353973205
0.014950008397779463 0.9779083235137797 0.007141668088440817
0.5869849020848257 0.16368435913781368 0.24933073877736078
0.08687036483480248 0.8597155313195666 0.05341410384563102
0.07414545564405328 0.8603739271146467 0.06548061724130004
0.48510860168686937 0.3572408813869953 0.15765051692613524
0.5916423356575703 0.21243450643243797 0.19592315790999162
0.8774876017292549 0.0036497570494355407 0.11886264122130952
0.6483324682194364 0.05708122769060771 0.29458630408995595
0.7370542241766003 0.007815628774523662 0.255130147048876
0.6721246734707355 0.024952148199184267 0.30292317833008037
0.7445696318450415 0.0009491803426388835 0.2544811878123196
0.7228452644317225 0.0012236563358166994 0.27593107923246074
0.8726475310778435 1.4116540479272745e-05 0.1273383523816773
0.8015724848470257 0.00016892116862489027 0.19825859398434945
0.7930125417697073 7.422671093550706e-05 0.2069132315193572
0.748046221371877 0.0011346451372997585 0.2508191334908233
0.7784692039523057 0.001501240564754419 0.22002955548294004
0.7840421029845074 6.668177445398306e-05 0.21589121524103863
0.7792844779366844 0.00103611372148245 0.2196794083418331
0.778153626180677 0.0012368737582169973 0.22060950006110608
0.7792836180262831 0.00017267801573091592 0.22054370395798606
0.779397089368828 3.15747953656607e-05 0.22057133583580618
0.7785646513749002 0.001116132134748609 0.22031921649035133
0.7787813575319847 0.0008325189255514325 0.22038612354246373
0.7784165351420019 0.0012938975342862394 0.22028956732371185
0.779341040457541 1.8936293248082968e-05 0.2206400232492109
0.7793435228715594 2.190218422373804e-05 0.22063457494421682
0.7786269633802264 0.0008600217623440554 0.22051301485742952
0.7786299979934609 0.0008558900455574146 0.2205141119609817
0.7785507401603253 0.0010546377640823302 0.2203946220755923
0.7787466880632552 0.0007491057693254127 0.2205042061674194
0.7786528389336836 0.0008662213249924422 0.22048093974132388
0.7793075265367415 3.496168443891837e-05 0.22065751177881954
0.7786478623211774 0.0009064123530800557 0.22044572532574253
0.7792078976154462 0.00017785221019211482 0.22061425017436176
0.7787609970095988 0.000744603473520064 0.22049439951688118
0.7793159623065454 7.89129154746912e-05 0.2206051247779798
0.7793862949521803 2.9279357540984666e-06 0.22061077711206564
0.7793736566046648 1.0085608807483174e-05 0.22061625778652774
0.7795412508065516 2.787286150437691e-06 0.220455961907298
0.7793875436345689 4.6812021916436166e-05 0.2205656443435146
0.7794385869535884 2.487353336382722e-06 0.22055892569307525
0.7794231268031124 3.5931682707101106e-06 0.22057328002861687
0.7793843274236142 6.207363038319757e-05 0.22055359894600268
0.7788964465435976 1.369430079242193e-06 0.22110218402632323
0.7800849341343687 7.94731043087226e-06 0.21990711855520034
0.777987002147632 0.0002701741350021807 0.2217428237173658
0.7815861385388256 0.0004087683806072524 0.21800509308056706
0.7836516561839897 8.873991776783184e-05 0.21625960389824256
0.7821778061187933 5.411502071366379e-05 0.21776807886049315
0.7694300417003851 7.4433838240157586e-06 0.23056251491579094
0.7832616614420405 0.001453125531285833 0.2152852130266736
0.78432329378727 0.00029520503830372016 0.2153815011744265
0.8032744947312751 5.341153430472051e-05 0.1966720937344201
0.7567518926155482 0.021824736571917854 0.22142337081253405
0.7824742690777677 0.004316249523064058 0.21320948139916815
0.7724431202938755 0.0007527220021189797 0.22680415770400533
0.7160597074897482 0.06310414178476162 0.22083615072549012
0.5070503275864826 0.33917867917615996 0.15377099323735743
0.6702617268201592 0.12606405058330983 0.20367422259653098
0.6466826205548701 0.15300309669014595 0.200314282754984
0.4852103805347559 0.3649870064838094 0.14980261298143477
0.4379407455693131 0.42349567610492794 0.138563578325759
0.6828799183886374 0.10122434251988768 0.21589573909147486
0.6804287642641089 0.10183155324742199 0.21773968248846903
0.5820420037124115 0.25765383405835796 0.16030416222923038
0.6070225986813975 0.1897375234077946 0.20323987791080791
0.7986656334698352 0.008819372615775773 0.19251499391438906
0.6815542684686341 0.06994175986733356 0.24850397166403237
0.60323658105444 0.24096940846452503 0.1557940104810349
0.41279511589523704 0.4685481540672117 0.1186567300375512
0.738910125223558 0.011192828147530596 0.24989704662891135
0.3632829857559607 0.4997516799424563 0.13696533430158303
0.31272151978906076 0.5941889683049644 0.09308951190597478
0.26706123327007536 0.627893377567655 0.10504538916226974
0.24854359863779985 0.6548013216380135 0.0966550797241865
0.3905414544166535 0.4773367182363089 0.13212182734703753
0.22554400180328482 0.6795565520765781 0.09489944612013707
0.3370364738383138 0.5569667584733308 0.10599676768835548
0.20249332097181688 0.6772755101788355 0.12023116884934766
0.7630339504149224 0.027468555857245978 0.20949749372783164
0.5091904546386754 0.020521225842520363 0.47028831951880423
0.4108345809764428 0.3285597582532541 0.260605660770303
0.026559194529258524 0.9039839416827307 0.06945686378801091
0.029835360347985822 0.8470864507440194 0.12307818890799475
0.020726736591770593 0.8392259831535882 0.1400472802546413
0.007347533301136072 0.8828928493498144 0.10975961734904949
0.00479997329230046 0.9183483120320897 0.07685171467560999
0.0023550471618687015 0.9527863513778638 0.044858601460267496
0.0024233586261572446 0.9548688666047209 0.042707774769121735
0.005722107305230442 0.8915145886611412 0.10276330403362839
0.0017380716460176796 0.9674377708559205 0.030824157498061836
0.002211580604774009 0.9579424493169908 0.03984597007823519
0.015380586623865222 0.761281648011582 0.22333776536455271
0.03494948981875843 0.555152184844679 0.40989832533656256
0.015171257820676442 0.857185849944136 0.12764289223518743
0.008072477438215937 0.898811792369222 0.09311573019256211
0.013756377440418483 0.8604196897389261 0.12582393282065535
0.06688062384791417 0.6556876192853294 0.27743175686675653
0.04069151691865761 0.7609384106983975 0.19837007238294493
0.02395781147737032 0.850492679244656 0.12554950927797368
0.023761601773857673 0.7823312007538976 0.19390719747224466
0.04509235309846399 0.640479032691158 0.314428614210378
0.3373246340851872 0.0011436563919863699 0.6615317095228265
0.34383147703601935 0.00018306114692796642 0.6559854618170528
0.2906328467067208 0.00042725709461022656 0.7089398961986689
0.2910482099317853 0.0002789908912015069 0.7086727991770132
0.17730946879585813 0.00011440641505450379 0.8225761247890875
0.2493369533467059 0.00034389230224302856 0.750319154351051
0.17937872827639134 0.0004224421540084281 0.8201988295696002
0.2036625352632766 7.808617282821222e-05 0.7962593785638952
0.3320743895686464 1.831479748907725e-06 0.6679237789516048
0.19652897136244546 6.628372376041491e-05 0.8034047449137942
0.2462299848027936 1.3637425765872852e-05 0.7537563777714406
0.24772352176261828 3.700712443310603e-05 0.7522394711129485
0.24790157249732125 2.049493116092607e-05 0.7520779325715179
0.2477901960118542 2.4065315351698054e-05 0.752185738672794
0.24783463784874432 1.9740184748622675e-05 0.752145621966507
0.24782980974118612 4.999846022427948e-06 0.7521651904127914
0.24779635915481632 5.614419709816631e-05 0.7521474966480856
0.24782739718936336 1.4486061760579474e-06 0.7521711542044605
0.2478194891414865 1.9930737997933256e-05 0.7521605801205156
0.24782742266781801 5.63719641810564e-06 0.7521669401357639
0.24780618329603338 6.944413695441051e-05 0.7521243725670123
0.24780636817602575 6.783190805950096e-05 0.7521257999159148
0.2478202033049461 6.569331809068691e-06 0.7521732273632448
0.24782086184118157 3.879178806491581e-06 0.752175258980012
0.24781874305056828 7.430645397111444e-06 0.7521738263040346
0.24780560834229684 5.123643732753528e-05 0.7521431552203756
0.24781967728712048 4.785137906703331e-06 0.7521755375749728
0.24780582271792512 5.0290451501419186e-05 0.7521438868305734
0.24780238165697915 6.924181535083559e-05 0.7521283765276701
0.24781723338720799 1.4742197006451355e-05 0.7521680244157856
0.24782000632677734 3.5987376820504654e-06 0.7521763949355406
0.24781819452644055 8.722389953877966e-06 0.7521730830836055
0.24782016103358648 8.727953595652024e-07 0.752178966171054
0.24782002811785173 1.0279322538066468e-06 0.7521789439498945
0.2478049619517822 6.0951593000224256e-05 0.7521340864552176
0.24781403389325438 2.479712058611604e-05 0.7521611689861595
0.24780537850198514 5.776407805328768e-05 0.7521368574199615
0.24781276578350397 3.1362075511747106e-05 0.7521558721409843
0.2478203843618139 9.343271558998934e-07 0.7521786813110303
0.2478170440972353 1.0036187016263117e-05 0.7521729197157484
0.2478183321381778 5.813369321949958e-06 0.7521758544925002
0.24781364659894264 2.537364613027426e-05 0.752160979754927
0.2478152065794178 2.4935501819226494e-05 0.752159857918763
0.24782261561793756 3.776668454197371e-08 0.7521773466153779
0.24783043625427384 5.641254044985457e-09 0.7521695581044722
0.24782347211762878 1.918375210810049e-08 0.7521765086986191
0.24783049000230334 8.712453668284578e-10 0.7521695091264513
0.24782246543773823 2.3120343356636725e-08 0.7521775114419184
0.24783020748641768 8.480210160519354e-11 0.7521697924287802
0.2478225812855376 1.0377324751097507e-10 0.7521774186106892
0.24782566197003192 1.3417503507494264e-09 0.7521743366882176
0.24782946720183355 5.025473872764916e-09 0.7521705277726926
0.24781774298523201 1.0141129268314073e-09 0.752182256000655
0.24780098076204551 2.678224589486438e-10 0.7521990189701321
0.2477659232020101 1.7749409182116414e-07 0.7522338993038982
0.24746929648451807 4.615153014789056e-08 0.7525306573639517
0.24637570568010084 7.773178802558311e-09 0.7536242865467204
0.24748940416558696 1.2095534704078908e-07 0.752510474879066
0.24656919960685975 1.1782858116788479e-06 0.7534296221073287
0.2553262573213231 1.023407554343211e-07 0.7446736403379215
0.2463859676376238 3.5111936133963994e-08 0.75361399725044
0.24515884606874508 7.070578066662808e-07 0.7548404468734482
0.24759243562436906 0.0003495505671295893 0.7520580138085013
0.2488068506032664 6.631725006792444e-05 0.7511268321466656
0.25694001598741095 0.0001619151247897674 0.7428980688877993
0.258759053790642 0.0010020501057548912 0.740238896103603
0.24205655411517135 0.017388025290013383 0.7405554205948153
0.20399049099513275 0.005282135734250844 0.7907273732706164
0.2808383638200604 0.017615018770111013 0.7015466174098286
0.20761998230365938 0.0042338835243553264 0.7881461341719853
0.2029162325971616 0.021368577991946705 0.7757151894108916
0.23337392673938817 0.0290199770023197 0.737606096258292
0.16872915744484349 0.0005872070065762158 0.8306836355485804
0.19811249412527188 0.0005622206493930175 0.8013252852253352
0.16341004026852013 0.21022605967898675 0.6263639000524931
0.08974347388305044 0.32137387314985816 0.5888826529670913
0.06013445640806009 0.34575164215353177 0.5941139014384081
0.1641927396087334 0.017219869811804157 0.8185873905794624
0.06355492308791699 0.36857846710158393 0.5678666098104991
0.06017834330032426 0.1482738654993944 0.7915477912002813
0.031613934921816446 0.30625945322519266 0.6621266118529908
0.02833852188414833 0.1345346086357785 0.8371268694800732
0.021791754571373674 0.2970932808910517 0.6811149645375746
0.020848287379811675 0.2882202990408526 0.6909314135793357
0.022163238756450158 0.23442415614189668 0.7434126051016532
0.020045048010496804 0.3068045877081473 0.6731503642813559
0.01625162117173518 0.4378390792769914 0.5459092995512735
0.014337639764680101 0.5032102376525825 0.48245212258273734
0.019974499145824578 0.30693830400639005 0.6730871968477855
0.022131326202978193 0.22973605348812787 0.7481326203088939
0.01666291654355447 0.41708822430144527 0.5662488591550002
0.025766192501455346 0.10106490568024833 0.8731689018182963
0.017360551381217268 0.39276656413058575 0.5898728844881971
0.014465640445674397 0.479060548143979 0.5064738114103465
0.017942471821958118 0.3363247480005448 0.6457327801774971
0.02883774259852698 0.010254430015894352 0.9609078273855787
0.030827627004087584 0.007192070498359161 0.9619803024975533
0.022581415603747636 0.18271022628264302 0.7947083581136094
0.027849564947839713 0.15302088150817916 0.8191295535439812
0.044817477343319985 0.00032689689478170145 0.9548556257618984
0.03801484943023139 0.004836054900858303 0.9571490956689104
0.033996549617529445 0.010571690653706748 0.9554317597287638
0.038016189206559345 0.0003374083984475893 0.9616464023949931
0.037966962411258104 6.293346378643061e-05 0.9619701041249555
0.04162330744520642 0.00026749596477158546 0.958109196590022
0.045287294506694636 3.3502876563201395e-06 0.9547093552056489
0.03669425552441813 4.640559014077697e-07 0.9633052804196806
0.036590674324897626 2.0956924665340263e-08 0.9634093047181778
0.034320351394238786 1.1658854436468905e-08 0.9656796369469068
0.035363959044480385 6.540551823453681e-10 0.9646360403014645
0.03550817420146452 3.471166391492652e-10 0.9644918254514189
0.03547752586568309 2.7506320362481424e-12 0.9645224741315662
0.035560926030463735 2.1392230136789824e-12 0.964439073967397
0.0355557602871365 1.6479272331038136e-12 0.9644442397112156
0.03555577342385511 9.526542991605593e-12 0.9644442265666184
0.03555463863748984 5.548027410668566e-10 0.9644453608077074
0.035553489384474564 1.6532988407945126e-09 0.9644465089622266
0.03554774368567885 1.8023830339797959e-09 0.9644522545119382
0.03550057388677411 4.084799739844038e-09 0.9644994220284262
0.03558699294910293 8.131748455673144e-10 0.9644130062377223
0.0354315304188677 9.887317036607092e-11 0.9645684694822592
0.03583795231844365 4.6383765109835187e-10 0.9641620472177186
0.035588915079489 9.206984079180269e-09 0.964411075713527
0.03559270776627045 4.1292760291691313e-07 0.9644068793061266
0.035995007203393874 3.604404596544982e-06 0.9640013883920096
0.0360328794886543 9.224577533032226e-07 0.9639661980535924
0.03558427527473368 9.853342419830958e-07 0.9644147393910243
0.0354668803857866 0.00032003790290723114 0.9642130817113062
0.03525534164322555 0.0006346197256850796 0.9641100386310893
0.035221194598755515 0.0009029920222578915 0.9638758133789865
0.035251365648997446 0.00014952949756645695 0.9645991048534361
0.035297550452127416 3.165473560630596e-05 0.9646707948122663
0.03529470607895554 6.593923918299128e-05 0.9646393546818615
0.035156938112142135 0.0009727134508500763 0.9638703484370077
0.03516961149785182 0.0007099618266842694 0.9641204266754639
0.035152804564684455 0.0009784954866317963 0.9638686999486837
0.03518045584625544 0.00019055457083712554 0.9646289895829075
0.03515280080532575 0.0009748971441822324 0.963872302050492
0.03516830827481804 0.0005442438318494933 0.9642874478933324
0.03518644667414724 1.6704646179453398e-05 0.9647968486796733
0.03516662156831315 0.0005475485092736726 0.9642858299224132
0.035172228409165035 0.000374927474000463 0.9644528441168344
0.0351788417609474 0.00018352075718780134 0.9646376374818648
0.03518381836506986 5.41786245786742e-05 0.9647620030103514
0.03515578627697793 0.0008181227344818382 0.9640260909885402
0.035155125348881586 0.0008243924579986191 0.9640204821931198
0.03515883640673229 0.0006976722832432213 0.9641434913100245
0.03517666755783512 9.890991040444259e-05 0.9647244225317605
0.03516544229572988 0.00023304016832052847 0.9646015175359496
0.03517207197856696 1.3068345360671924e-06 0.964826621186897
0.03517643953142229 1.612326445959203e-06 0.9648219481421317
0.03516895111249918 7.559733304223851e-05 0.9647554515544585
0.03517418399911079 9.922488167734312e-06 0.9648158935127215
0.03517626680953344 1.1965717259892239e-06 0.9648225366187406
0.035166549874097695 3.3795984464685686e-05 0.9647996541414375
0.03517399632577857 1.0526702473619856e-05 0.9648154769717479
0.0351721829261364 5.666029265105026e-06 0.9648221510445985
0.03517129026707707 1.0002644171694509e-05 0.9648187070887513
0.03517249125923161 1.949344537514832e-06 0.9648255593962309
0.03517232492276747 8.837277382971784e-08 0.9648275867044587
0.03517211617292198 1.2324200361348563e-07 0.9648277605850745
0.03517196625465921 3.145240578611864e-06 0.9648248885047622
0.03517124354780037 4.259557177817766e-06 0.9648244968950218
0.03517204158573244 2.596792479169985e-07 0.9648276987350196
0.035171664694927426 2.4275988635680153e-06 0.9648259077062089
0.0351717010676066 2.3301083320137292e-06 0.9648259688240614
0.035171983836790786 7.555075972564792e-07 0.964827260655612
0.0351720036361685 1.879968111791263e-07 0.9648278083670203
0.03517187680888833 1.9984892299343623e-06 0.9648261247018817
0.03517198149182782 2.7223108101962247e-07 0.9648277462770911
0.03517197840065105 4.645211235813622e-08 0.9648279751472366
0.03517193725402981 1.3672195156524675e-06 0.9648266955264546
0.03517199980432947 1.8151697882565164e-07 0.9648278186786917
0.035171991593534666 1.930631816857789e-07 0.9648278153432837
0.03517197893912452 8.238733440688864e-08 0.964827938673541
0.03517211479895231 3.2068574085446775e-08 0.9648278531324735
0.03517198029448712 5.928640677816847e-07 0.9648274268414452
0.03517200676505732 1.1892876938695084e-08 0.9648279813420657
0.03517203973712524 3.1250593733838947e-07 0.9648276477569374
0.03517198317712561 5.524825643102909e-08 0.9648279615746179
0.035171988592809275 4.27027800592685e-09 0.9648280071369126
0.03517233711110478 4.4022003195673244e-11 0.9648276628448731
0.035172062796207264 1.517271803382754e-10 0.9648279370520655
0.03517183849524286 9.333871726659949e-10 0.96482816057137
0.03517200862511932 8.234253945836918e-09 0.9648279831406267
0.03517282744398648 2.854889381875867e-10 0.9648271722705246
0.035171788709311806 1.540371942932326e-10 0.964828211136651
0.03517198340979793 7.47220667842663e-08 0.9648279418681353
0.035173462325882004 7.631955842733031e-09 0.9648265300421621
0.03517161367814066 5.984674640206024e-08 0.964828326475113
0.03517205272159445 5.811639427647499e-08 0.9648278891620113
0.03517167618267956 9.389603972797534e-07 0.9648273848569232
0.03517175618121767 4.0126667895720615e-08 0.9648282036921144
0.03517131380670461 3.144947157242386e-07 0.9648283716985797
0.035171252189251295 3.7793607232469753e-07 0.9648283698746764
0.03517116123626777 2.3178533020547726e-06 0.9648265209104302
0.0351709863787536 2.3944493827691124e-06 0.9648266191718636
0.03517092749910781 6.370842473685852e-08 0.9648290087924675
0.03517083963312642 1.1070175597421893e-06 0.9648280533493139
0.03517071647506088 4.2223350596219e-06 0.9648250611898795
0.035170868680845305 1.0091398761048763e-07 0.9648290304051671
0.03517071471343579 4.089321055139641e-06 0.964825195965509
0.035170854709677256 6.268036676088716e-08 0.9648290826099559
0.03517084813516263 2.5825973047419124e-07 0.9648288936051069
0.03517069771629994 4.495462373197205e-06 0.9648248068213269
0.03517084090977969 4.02627012842796e-07 0.9648287564632075
0.03517075297542781 2.8970843057492835e-06 0.9648263499402665
0.035170711442800665 4.084792082271735e-06 0.964825203765117
0.03517071298931658 4.033688965113065e-06 0.9648252533217184
0.03517068358976705 4.4377624878200423e-07 0.9648288726339842
0.03517069255747507 4.72921730793972e-07 0.964828834520794
0.035170918841282435 6.454984616709788e-07 0.9648284356602559
0.03517157393444037 1.8268821139971336e-08 0.9648284077967385
0.035170382493942144 3.49426418357075e-07 0.9648292680796394
0.03517044963208601 1.041067886299406e-07 0.9648294462611253
0.035169496672794426 1.0798489851379016e-08 0.9648304925287158
0.035171292306005075 1.8287398915748417e-08 0.964828689406596
0.03517173582325115 1.5112265524385255e-08 0.9648282490644833
0.035182297345335116 5.188487049908901e-09 0.9648176974661777
0.0351658050084233 1.0528516185564532e-06 0.9648331421399581
0.03516895995934566 2.038784884221595e-06 0.9648290012557702
0.035191727382677625 3.5702027211568234e-07 0.9648079155970504
0.03870690332014718 8.311336932314717e-08 0.9612930135664834
0.03385355051779822 4.165860045010937e-06 0.9661422836221568
0.03586004486026617 7.75548111678576e-07 0.9641391795916222
0.03534004306539435 1.3416876286925443e-05 0.9646465400583187
0.03357583784614564 2.3508574426472956e-06 0.9664218112964117
0.03509223354918655 2.5959509323892672e-05 0.9648818069414895
0.03355808802842465 7.03354917323245e-06 0.9664348784224022
0.035941588819881826 2.2197644875524916e-06 0.9640561914156306
0.03584465214152848 5.869868793465543e-05 0.9640966491705368
0.04157227012762215 2.019776244649703e-05 0.9584075321099312
0.031618581315453746 0.0019122706075574182 0.9664691480769888
0.02859587181654542 0.015722155874625134 0.9556819723088296
0.02784508459372623 0.017544531601164544 0.9546103838051092
0.027624033216882893 0.020489978105499938 0.9518859886776172
0.02700938051875742 0.019627534606905268 0.9533630848743373
0.027183586553849566 0.006850878652182835 0.9659655347939676
0.027426096077702928 0.0037407726250894306 0.9688331312972077
0.02795612845619399 0.0018063931213093416 0.9702374784224965
0.026957563257905392 0.007590246818534823 0.9654521899235597
0.027236922234689903 0.00912994533179742 0.9636331324335127
0.026926588628698348 0.007665090521490047 0.9654083208498117
0.029176987796708596 0.0004108691743246085 0.9704121430289668
0.026758400405018035 0.007155238840150971 0.966086360754831
0.025946025274579548 0.004887306215755249 0.9691666685096653
0.02513447057871576 0.03360259052972663 0.9412629388915577
0.025639582038544564 0.013586822023252175 0.9607735959382032
0.025970827418989116 0.000987737614055171 0.9730414349669556
0.025116739088998464 0.033456922213614265 0.9414263386973872
0.025436692796984652 0.021005215242538365 0.953558091960477
0.025624070016749073 0.01367165635181161 0.9607042736314393
0.025744545779708677 0.008181072716382812 0.9660743815039085
0.02544481212288151 0.01820571190735403 0.9563494759697645
0.02546885378041739 0.018136433731753478 0.956394712487829
0.02581592804919579 0.0016188345150652563 0.972565237435739
0.02553868128975692 0.00871787238987586 0.9657434463203672
0.02563918447575324 0.006111812596203942 0.9682490029280428
0.025419056043888874 0.009161680179503338 0.9654192637766078
0.025746951264893323 0.0022152407691203714 0.9720378079659864
0.025584310917542888 0.005531874779939938 0.9688838143025171
0.025593127387685932 0.005317175004678322 0.9690896976076357
0.026011547592158166 0.0005536467188129842 0.9734348056890288
0.026470800430977763 4.812296495579448e-06 0.9735243872725267
0.025982046089342244 1.8377489883740392e-05 0.9739995764207741
0.026088296843679925 8.002184104528195e-07 0.9739109029379096
0.026082341400646244 3.278699322008718e-07 0.9739173307294215
0.026079568388862807 1.828878649035672e-07 0.9739202487232722
0.026076891981128114 1.592688023582185e-07 0.9739229487500695
0.026142767317546042 6.037991787135115e-06 0.9738511946906668
0.026119929179175955 5.712926716311891e-06 0.9738743578941078
0.0262902285933771 3.1756687149814814e-06 0.973706595737908
0.026116673514542752 1.771260682223747e-06 0.9738815552247752
0.02614839223512846 1.4214053836648608e-07 0.9738514656243332
0.02615395359771233 3.554523025957608e-08 0.9738460108570575
0.026153755858441485 4.535227621894829e-09 0.973846239606331
0.026153412125406974 7.742878074926509e-08 0.9738465104458123
0.02615339506313952 1.4262356618686882e-07 0.9738464623132943
0.026153330773249172 3.2056115691771066e-07 0.9738463486655939
0.02615339357707992 4.069144391622115e-08 0.9738465657314761
0.02615339145886245 4.2491978617605425e-08 0.9738465660491589
0.026153357377909917 8.539782184898664e-08 0.9738465572242682
0.026153387202785428 4.035915367353409e-08 0.9738465724380609
0.026153363379837535 2.59506595412125e-07 0.973846377113567
0.02615354426925298 3.57986564115089e-09 0.9738464521508814
0.026153431197816986 1.242480715322352e-09 0.9738465675597022
0.026153456743448614 3.776777537104782e-09 0.9738465394797738
0.02615344041463603 1.1038547259801974e-07 0.9738464491998914
0.02615344033751367 1.0949528728283014e-07 0.973846450167199
0.026153470301741498 6.647876510738802e-08 0.9738464632194934
0.026153412570236564 8.960031955407971e-09 0.9738465784697314
0.026153440554541427 1.0272529658728079e-08 0.9738465491729289
0.026153430156137015 1.2355052159044194e-08 0.9738465574888108
0.026153473266861998 4.5006306544624216e-08 0.9738464817268314
0.026153447692921442 7.041898658890435e-10 0.9738465516028887
0.026153448430364164 6.195944945408669e-10 0.9738465509500414
0.0261534650105311 2.6539335589759985e-08 0.9738465084501333
0.02615344633516726 3.203939292418921e-08 0.9738465216254397
0.02615344567346357 7.780218383006888e-10 0.9738465535485146
0.026153462860300302 2.3976988198352577e-08 0.9738465131627115
0.026153446831673456 1.1529487497481564e-08 0.973846541638839
0.026153453459109913 2.601802082379105e-08 0.9738465205228692
0.026153453648259013 2.2214158640412775e-09 0.9738465441303251
0.026153450442468865 4.766529827055146e-10 0.9738465490808782
0.026153451136020984 7.208544141030302e-10 0.9738465481431247
0.0261534510886966 1.1406299132553474e-08 0.9738465375050043
0.026153445735022547 9.568673183942384e-08 0.9738464585782456
0.026153447215106044 1.1057508347590068e-07 0.9738464422098105
0.026153447727958728 2.462072986058502e-08 0.9738465276513114
0.02615344372957432 1.789165148209651e-07 0.9738463773539108
0.0261534446228264 1.300780181999935e-07 0.9738464252991553
0.02615345443853013 3.9514687783001175e-09 0.9738465416100011
0.026153448564122227 2.886349216916428e-09 0.9738465485495286
0.02615344575233708 1.3328555094307338e-07 0.9738464209621119
0.02615345094503585 2.7439136252994388e-09 0.9738465463110505
0.02615344567593726 1.3745621004656456e-07 0.9738464168678527
0.026153449080061175 2.9026963838678506e-09 0.9738465480172425
0.026153447757165608 9.695608969899215e-08 0.9738464552867447
0.026153445786021325 1.378335027305148e-07 0.973846416380476
0.026153446140842855 1.368274753364329e-07 0.9738464170316818
0.0261534581103532 3.193592279242524e-08 0.973846509953724
0.026153485946699 7.674466809013494e-09 0.9738465063788342
0.026153459869747868 2.0146365195257416e-09 0.9738465381156155
0.02615346150503585 2.6281705538543778e-08 0.9738465122132587
0.026153472830769988 1.2650856220520047e-08 0.9738465145183738
0.026153470649654044 9.413968179238148e-08 0.9738464352106642
0.02615349580007667 2.1633772564176903e-09 0.9738465020365461
0.026153482571282784 8.320283756280043e-09 0.9738465091084335
0.026153538600176607 2.3844882247265642e-11 0.9738464613759785
0.026153538595622527 3.0967103179657278e-12 0.9738464614012807
