inside membrane outside
0.510214177707029 0.0 0.48978582229297085
0.4841528242248842 9.206026570335103e-09 0.5158471665690894
0.42473391886612777 3.549677061242091e-09 0.5752660775841951
0.4815097878556738 7.298154858378012e-08 0.5184901391627776
0.5756134347753818 1.1768323307076531e-07 0.424386447541385
0.5702205022834985 4.4309887360116135e-08 0.429779453406614
0.3698516718200343 4.3812528219338975e-07 0.6301478900546834
0.5102141198635739 1.8924014772955622e-07 0.4897856908962783
0.4841525402757996 6.615322907128535e-07 0.5158467981919096
0.38267145962054266 8.10223949087093e-08 0.6173284593570624
0.5098075652874087 1.725840277445559e-08 0.49019241745418857
0.5097742737626081 5.886059428482493e-07 0.490225137631449
0.5097871411331197 2.0229460348681484e-07 0.4902126565722768
0.5097779527672346 1.3551113379010202e-07 0.4902219117216316
0.5098291636526099 5.09235113748737e-08 0.4901707854238789
0.5097644400977851 8.50339542028174e-07 0.4902347095626728
0.5097866670848228 1.157453007370724e-07 0.49021321716987637
0.5097867116221435 1.280398905612585e-07 0.49021316033796597
0.5097716387536365 9.141722602743033e-08 0.4902282698291374
0.5096713235476521 0.0002896198998718925 0.49003905655247604
0.5097369049921594 0.00014515231918972216 0.4901179426886508
0.5098219068466782 2.1290925268992526e-05 0.49015680222805286
0.5098220649141729 2.19964159581503e-05 0.490155938669869
0.5097727548558794 8.22845662763771e-05 0.4901449605778443
0.5095748291618818 0.0004724357530722587 0.48995273508504594
0.5097689338488927 9.642225783525859e-05 0.49013464389327205
0.5097690083812291 9.698194494114676e-05 0.49013400967382986
0.5098088280402523 2.027225895498768e-05 0.49017089970079275
0.5094589996546133 0.0007057167105825865 0.48983528363480416
0.5097689729285956 9.768795294041744e-05 0.49013333911846396
0.5094923936080662 0.000640162605304031 0.48986744378662966
0.5094508162562992 0.0007217709826255107 0.48982741276107533
0.509795891105453 4.491988132750463e-05 0.4901591890132195
0.5094843283648567 0.0006559635385622926 0.489859708096581
0.5097683957912866 9.877634805823469e-05 0.4901328278606551
0.5097890121051881 5.842707035657692e-05 0.49015256082445535
0.5097832612957262 7.013605158170141e-05 0.4901466026526921
0.5095109419916379 0.0006161171572000236 0.48987294085116195
0.5097975208957398 6.0605057310884276e-05 0.49014187404694926
0.5096874296573436 0.00028391669750991327 0.4900286536451464
0.5098249632456423 3.2300049346835916e-05 0.4901427367050109
0.5099247975271526 9.25855192262406e-06 0.4900659439209249
0.5098054095229185 7.595787796695767e-05 0.4901186325991144
0.509834241287764 2.2354387892761642e-07 0.49016553516835704
0.5098558779917499 5.171893943429788e-07 0.4901436048188558
0.5098561358160988 2.596405760058245e-07 0.4901436045433252
0.5099368435455881 2.340139889654461e-08 0.490063133053013
0.5098375611044524 8.562661625146496e-08 0.4901623532689313
0.5098598920918234 3.6721284935518065e-08 0.49014007118689173
0.5098559653660968 1.4090715271487373e-07 0.4901438937267505
0.5098532450947217 5.794437533737996e-07 0.49014617546152484
0.5098485290337536 4.8042189930325567e-08 0.49015142292405656
0.5098444730957348 5.431564620753035e-07 0.49015498374780325
0.509850037698982 4.038385402992708e-08 0.49014992191716406
0.5098498344453705 2.250409454087837e-07 0.490149940513684
0.5098499848818746 4.3650126427536655e-08 0.4901499714679989
0.5098501058849457 1.7182993234031167e-08 0.490149876932061
0.509849745394051 3.793783318219497e-07 0.49014987522761716
0.5098499472839604 5.059545822987014e-08 0.4901500021205814
0.5098497853485892 3.5540672964895347e-07 0.4901498592446812
0.5098499771572391 5.362620443775972e-08 0.4901499692165563
0.5098497172671567 4.78544551781214e-07 0.4901498041882915
0.5098500308752092 1.341152124156239e-08 0.49014995571326964
0.5098501887390281 1.6557181935590737e-08 0.4901497947037899
0.5098501660747302 2.2563581600986388e-08 0.4901498113616881
0.5098499479070233 8.203608012155265e-08 0.4901499700568967
0.5098499033334769 1.2676085783426317e-07 0.49014996990566523
0.5098499100233539 1.7591301403281058e-07 0.49014991406363206
0.5098499070902501 1.4012572589212006e-07 0.49014995278402396
0.5098499069143115 1.428518719746584e-07 0.4901499502338164
0.5098498822401597 2.2943908096994825e-07 0.49014988832075934
0.5098498779091957 2.3727059914322108e-07 0.49014988482020505
0.5098498734476825 2.394015135134203e-07 0.4901498871508041
0.5098499635760881 6.015351501641814e-08 0.49014997627039686
0.5098496329239494 7.080312215558344e-07 0.4901496590448291
0.5098499738426979 3.969125573089242e-08 0.49014998646604646
0.5098496953600701 5.820490088746184e-07 0.490149722590921
0.5098499206989305 1.3780227810850395e-07 0.49014994149879126
0.5098499809598592 1.8651246198236552e-08 0.49015000038889456
0.509849686768241 5.897295132590018e-07 0.49014972350224556
0.5098499105323518 1.089014947309364e-07 0.4901499805661534
0.5098498985943575 1.367513098479223e-07 0.49014996465433264
0.5098500005842617 2.4799763235382963e-08 0.49014997461597504
0.5098499067270352 3.520827079796106e-09 0.4901500897521377
0.5098496353671753 1.388989395674676e-07 0.49015022573388517
0.509854164952187 2.8952011858225772e-09 0.49014583215261176
0.5098569394333424 1.610749018301439e-08 0.49014304445916734
0.5098283484376004 3.2485208036767476e-09 0.4901716483138789
0.5098669906350481 3.6538173391731716e-09 0.4901330057111345
0.5097748299786127 1.3129632264912346e-08 0.49022515689175516
0.5103341406996259 5.745425693633846e-10 0.48966585872583157
0.5102187091142854 2.0589632855366598e-10 0.4897812906798182
0.5096947678073975 3.089436829339757e-10 0.4903052318836588
0.5098120637974973 5.95380780020318e-07 0.49018734082172255
0.5080296937848416 1.2718503620724103e-06 0.4919690343647962
0.5212732356240917 9.106479534201801e-07 0.47872585372795495
0.40650128840323063 0.00027555192630635033 0.593223159670463
0.3728049249092771 0.0005282126763884249 0.6266668624143344
0.6414703774229688 3.737974369260712e-05 0.35849224283333875
0.37022109367256856 0.0016252902960949083 0.6281536160313367
0.516089553451047 0.0010132109492163293 0.4828972355997367
0.6224691074471018 5.0518484629223924e-05 0.3774803740682689
0.3819055845626868 0.0006056670094058361 0.6174887484279075
0.4750188038994464 0.000350670060870046 0.5246305260396836
0.45021261430349785 0.07072571141864638 0.47906167427785573
0.6149336996055271 0.002386700133033315 0.38267960026143943
0.07509486834507192 0.8849051311176821 0.04000000053724586
0.00574239673607919 0.9920124364999935 0.0022451667639272165
0.002772391580351236 0.996408810518485 0.0008187979011638364
0.004844694743056448 0.993717664440587 0.0014376408163565544
0.0009047176740671071 0.9980503313251288 0.001044951000804026
0.00013888452643653307 0.9993376911674259 0.0005234243061375219
0.00010602475575609623 0.9993783785513194 0.0005155966929246059
0.00018689804587666833 0.998750604212724 0.0010624977413992913
7.735903490727372e-05 0.9994236809493042 0.0004989600157885018
5.193254431067232e-05 0.9996066993813002 0.0003413680743890066
7.46697267591921e-05 0.9994320974911228 0.0004932327821179493
0.00022658744325602356 0.9982766842025957 0.0014967283541482339
0.0003853416798144824 0.9970398231831372 0.0025748351370482574
0.00013431026611470252 0.9989136326218907 0.000952057111994611
7.754708286792844e-05 0.9993252669844089 0.0005971859327231847
0.000447694970218062 0.9954871395671309 0.00406516546265098
0.00024241676894776036 0.997481041421236 0.0022765418098162796
0.000761110739446624 0.9907808052959266 0.008458083964626752
0.0002599546072293927 0.9968638300082981 0.002876215384472522
0.004382462096937584 0.9644491778783709 0.0311683600246914
0.0012971989589750648 0.9922537986172363 0.006449002423788703
0.0038339676086820494 0.9836543693003976 0.012511663090920349
0.01456463270392454 0.9732417430859366 0.012193624210138795
0.32904944090242005 0.269915344338688 0.40103521475889203
0.6186460874610832 0.0006275957172215577 0.3807263168216952
0.5330238942996549 0.044090204838751985 0.42288590086159317
0.5379276809957096 0.03536798230481916 0.4267043366994712
0.3992886501041164 7.39812838291478e-05 0.6006373686120545
0.5299470715179883 0.0003447903307345051 0.4697081381512772
0.49674640040294227 0.0004675265688513427 0.5027860730282063
0.6168792252700454 5.594242099171448e-07 0.38312021530574464
0.4261810910343322 3.979954721667386e-06 0.5738149290109461
0.3543217184164057 3.7961661891148095e-07 0.6456779019669754
0.46906833382658747 5.6424324153877e-09 0.5309316605309802
0.48840494600142875 2.372085464287647e-08 0.5115950302777166
0.49266709407716924 8.144678743631661e-10 0.5073329051083629
0.48832946864730764 4.40274909372551e-09 0.5116705269499432
0.4891125218135524 6.485422633432306e-10 0.5108874775379053
0.4890569012589544 1.3201019709242069e-11 0.5109430987278446
0.48910121895210656 1.833801481662353e-10 0.5108987808645133
0.4890866019535315 3.1540689603250417e-13 0.510913398046153
0.4890876903920459 9.823629317666225e-13 0.5109123096069716
0.4890877764819258 7.100259632649665e-14 0.5109122235180031
0.48911584163171534 2.5473008983376036e-14 0.5108841583682592
0.48886539255513095 2.9666984298799717e-13 0.5111346074445724
0.4783180389054807 2.224661325218977e-14 0.521681961094497
0.4933552570444229 7.517330322568715e-14 0.506644742955502
0.4935485394747629 1.0116080725207256e-13 0.5064514605251359
0.47505986389178256 2.1370887029459166e-13 0.5249401361080037
0.47487829271825477 6.52209283134159e-12 0.5251217072752231
0.47167272673479316 7.085451672394943e-11 0.5283272731943524
0.4648673062649079 2.6861564702394683e-09 0.5351326910489356
0.4624302292025867 5.968714796492777e-08 0.5375697111102653
0.6158036118175807 4.18538727303895e-06 0.38419220279514615
0.6161643582242053 0.0001056547221029251 0.38372998705369177
0.3758552364717588 0.28198312034532486 0.3421616431829164
0.2685230924378278 0.276110278117431 0.45536662944474127
0.31777417704327426 0.12657293174076625 0.5556528912159595
0.2544476533847633 0.297452101926744 0.44810024468849274
0.41850354755137903 0.017218109864228403 0.5642783425843926
0.289029457652389 0.07559047080866817 0.6353800715389428
0.19039148770412004 0.46581088146505595 0.34379763083082393
0.39170252263492883 0.033558529949473836 0.5747389474155973
0.004431630024866954 0.979385101451968 0.016183268523164932
0.0044440725089756475 0.9794450477405895 0.016110879750434765
0.006981200893092104 0.9676663159992072 0.025352483107700646
0.004012291746417594 0.9896488200951973 0.0063388881583851895
0.0019242321122959118 0.9954697508338248 0.0026060170538792764
0.004553140045192733 0.9903507792598342 0.0050960806949729405
0.001818224216955425 0.9961823839095725 0.0019993918734721988
0.001397930254755001 0.9970766290923077 0.0015254406529373837
0.0013982693915943582 0.997079387788663 0.0015223428197426192
0.009011055093366955 0.9811727394779339 0.009816205428699099
0.0012773563713299014 0.9973333186173627 0.0013893250113073807
0.004860582359297653 0.9894997134969985 0.005639704143703927
0.0040082395160486815 0.9909620883803251 0.005029672103626285
0.0024382805793883616 0.9937849435331954 0.003776775887416251
0.006729745430116856 0.9832610641273601 0.01000919044252297
0.1207221646679087 0.5993314254781502 0.27994640985394104
0.014437883086938422 0.9348735271145491 0.05068858979851243
0.045131668767129936 0.8292887227216028 0.1255796085112674
0.40802504074625484 0.3148486146965529 0.2771263445571922
0.15583382961522235 0.6447796006975784 0.1993865696871992
0.06878423701937107 0.8252140084124749 0.10600175456815393
0.04496593144774561 0.8391771184262027 0.11585695012605163
0.05000108354085833 0.8195219492617909 0.13047696719735086
0.7085796601157975 0.0008992155144000803 0.29052112436980243
0.4509884265375907 0.0024167417803581757 0.5465948316820511
0.5120764215173407 0.0030191811758197144 0.48490439730683954
0.42454523066113453 0.001274705685035549 0.57418006365383
0.46891987606922464 5.769031494109268e-06 0.5310743548992812
0.6866518779268943 1.177513242092438e-06 0.3133469445598635
0.4279951110557205 0.00014653631601129372 0.5718583526282683
0.4825974900476658 0.00024368119271597454 0.5171588287596182
0.5114199958616473 0.00011184470199930989 0.4884681594363534
0.6768678924403224 1.6621594599859274e-05 0.3231154859650777
0.5095385700792552 0.00036349706666162284 0.49009793285408315
0.5129331867565903 3.271529411171092e-05 0.4870340979492981
0.5099898560158043 0.00020547770884984994 0.4898046662753459
0.5110890140710479 8.548875019195895e-05 0.48882549717876017
0.5095785780375311 0.0013472046847321424 0.4890742172777368
0.5093357836795966 0.001830346622280198 0.4888338696981231
0.5101335189981882 0.00026611686286660103 0.4896003641389453
0.510255355926601 3.184386690701572e-05 0.48971280020649194
0.5093538271374249 0.0017950775829477226 0.4888510952796274
0.5096053867915353 0.0013013361579795582 0.4890932770504851
0.5101405318414087 0.0002527292522270261 0.48960673890636425
0.5102397501119968 5.80138161419114e-05 0.48970223607186125
0.5102546119287203 2.748665707912439e-05 0.4897179014142005
0.5101416922064617 0.00024872295042582137 0.48960958484311246
0.5098375292598012 0.0008419985207212639 0.4893204722194776
0.5094157595553087 0.001661194071665744 0.48892304637302564
0.5094540115708889 0.001522515462986364 0.4890234729661247
0.5102046807083106 3.0258076649639168e-05 0.48976506121503977
0.5100254284840577 0.0003205377775448621 0.48965403373839744
0.5100227284426182 0.00028001463167948675 0.48969725692570226
0.5100551869601685 7.711933485644162e-05 0.4898676937049752
0.5100365441359869 5.5349320815799356e-05 0.4899081065431973
0.5099788134290284 5.955286062705954e-07 0.4900205910423653
0.5099816821390519 8.801015004992503e-08 0.4900182298507981
0.5100012651706795 1.6501615631201136e-06 0.48999708466775743
0.5098272533882153 2.3485035158030514e-06 0.49017039810826885
0.5099859660611827 2.749460172592544e-08 0.49001400644421544
0.5100173186906802 3.91662890904682e-07 0.4899822896464289
0.5100018481196823 4.6675584274093067e-07 0.48999768512447495
0.5099843376694965 3.625119905545156e-08 0.4900156260793045
0.5099665146822046 2.3695168829501834e-05 0.4900097901489659
0.5099960765214319 4.018663407475577e-05 0.48996373684449335
0.5099770386194697 8.596873510609116e-06 0.49001436450701963
0.510148487233358 4.458782073142742e-06 0.48984705398456874
0.5098334855336053 5.290544880012155e-05 0.49011360901759454
0.5097712511554532 1.0587512580841616e-05 0.490218161331966
0.5101544982034033 6.308625647538909e-06 0.48983919317094926
0.5094885711756838 8.362598067215079e-07 0.49051059256450935
0.5103048996484638 1.79167724835967e-05 0.4896771835790526
0.5102901941200274 4.567962414996774e-06 0.4897052379175576
0.5097541310680793 0.00035630122016569026 0.4898895677117551
0.5096198156714844 0.0005616562516511565 0.48981852807686443
0.505430702379814 0.00010542746106380284 0.49446387015912224
0.5302051323453195 2.2709582102353653e-05 0.46977215807257816
0.5122552439334631 0.0006095455188928674 0.4871352105476441
0.4996941031481662 0.005566505281048501 0.4947393915707854
0.501251443404542 0.0016175694733886158 0.49713098712206943
0.4966371310314005 0.003989682792854811 0.4993731861757447
0.509486664460644 0.002291238031206917 0.4882220975081491
0.499033181418269 0.017261912283444866 0.48370490629828616
0.497069437753784 0.0037952857405729947 0.4991352765056431
0.4974251743935848 0.00030401276115178054 0.5022708128452633
0.4661800347884614 0.03679691048688629 0.4970230547246523
0.45699211793679384 0.06033114522133077 0.48267673684187545
0.5021888649758637 0.012126327461140802 0.48568480756299565
0.46482973108817033 0.03245303254445205 0.5027172363673778
0.4010731733502444 0.15780152757717372 0.44112529907258186
0.386216772478932 0.19952783510753358 0.41425539241353443
0.44668077004979706 0.03743951079634073 0.5158797191538622
0.40290147452884345 0.07934379711881037 0.5177547283523461
0.46839307590396 0.10008551329735378 0.4315214107986862
0.36829999017612736 0.21073848476243148 0.4209615250614412
0.3915807698792384 0.09757888038575478 0.5108403497350067
0.3158001366690836 0.2098913132819461 0.47430855004897043
0.41897782576738374 0.0565456666737302 0.524476507558886
0.415731017349831 0.11666286945599165 0.46760611319417744
0.41389406351889546 0.1197833124399965 0.46632262404110814
0.4948665331384673 0.12172481785434928 0.3834086490071834
0.21081072274398824 0.5377627117375957 0.2514265655184161
0.14288889351292974 0.6938241646570418 0.16328694183002834
0.2953920224106887 0.3815755458137158 0.32303243177559565
0.10552680765911841 0.7850849038101593 0.10938828853072242
0.5143150919667439 0.06524592862904334 0.4204389794042127
0.07994000281287789 0.8830593493726775 0.03700064781444462
0.1976486270398252 0.7579488499089602 0.044402523051214615
0.06829862595350755 0.9244912027037495 0.0072101713427428875
0.16108443448463003 0.8267578091661589 0.012157756349210867
0.08374457892456866 0.9028888177142164 0.01336660336121486
0.26267487863411004 0.7119022277010428 0.025422893664847217
0.2626471765777993 0.712326582635065 0.02502624078713574
0.047444564722577603 0.9486820096233208 0.0038734256541016966
0.05319783978905706 0.939598064771462 0.007204095439480875
0.3581305952953429 0.5866673793734797 0.055202025331177434
0.35659164183987263 0.5821143356378973 0.061294022522230124
0.06733039893032387 0.919097512679671 0.013572088390005187
0.048808184194603324 0.9437382274197864 0.007453588385610184
0.051363121416768666 0.9400280838856981 0.00860879469753316
0.09609391720863694 0.8698785313009945 0.034027551490368596
0.26168072831598244 0.664823720926747 0.07349555075727059
0.07943849922507856 0.8984547339938651 0.022106766781056376
0.08262059318326873 0.8865223205240178 0.03085708629271355
0.15475519568360221 0.7384280610062924 0.10681674331010538
0.3626784403448244 0.35065668134823413 0.28666487830694154
0.8040641340956742 0.012489220109033918 0.18344664579529182
0.8161608578524049 0.005431650848010031 0.1784074912995852
0.644543177876566 0.1098870300272882 0.24556979209614588
0.7644732541756678 7.498390652559601e-05 0.23545176191780662
0.644385470219003 0.00048714145144196347 0.3551273883295549
0.6042849750726084 0.0005091520069414151 0.39520587292045023
0.6450121595839388 2.9598051981029026e-05 0.35495824236408025
0.8152309654536942 3.91268853664289e-06 0.18476512185776933
0.7060034232226965 1.1675112209148246e-05 0.2939849016650944
0.6907652599275432 5.3526470698510065e-05 0.3091812136017582
0.688346096139956 1.953007391484656e-07 0.3116537085593048
0.6843876325140735 6.789845709104859e-09 0.31561236069608073
0.6840489813065039 2.8907268398728668e-08 0.3159509897862277
0.6833990028065383 2.2842173535990697e-07 0.3166007687717264
0.6834624611403746 6.368722096443585e-08 0.31653747517240455
0.6835077943922799 3.064528996747678e-09 0.31649220254319105
0.6835353081112407 1.0340665214802583e-07 0.3164645884821071
0.6835223210112854 4.8058650563587144e-08 0.31647763093006404
0.6835269665376666 3.4785662344906257e-09 0.3164730299837671
0.6835201314534278 3.3772390398656686e-07 0.31647953082266833
0.6835213110673435 1.185278278591216e-07 0.3164785704048287
0.6835217192788975 1.2136859723158881e-08 0.31647826858424283
0.6835217979942089 2.132913995173609e-08 0.31647818067665123
0.6835211259088055 5.332363288853086e-08 0.3164788207675616
0.6835130162898467 1.1867054767725989e-05 0.3164751166553855
0.6835208384559263 1.828119966147527e-06 0.3164773334241075
0.6835187295791886 5.352300789688298e-06 0.31647591812002185
0.6835111309292276 1.563123822129202e-05 0.31647323783255127
0.6835217480719534 4.1006564898967203e-07 0.3164778418623976
0.6835195091893033 5.623408281184204e-06 0.3164748674024156
0.6835070972665216 2.568506321858097e-05 0.31646721767025987
0.683523749994863 9.438755145219903e-07 0.3164753061296224
0.6835208486753794 3.745579188722333e-06 0.316475405745432
0.6834971459465109 4.130460039651117e-05 0.3164615494530927
0.6835143219240952 1.94992207712073e-05 0.3164661788551336
0.6835260956499055 2.680192322887227e-06 0.3164712241577717
0.6835261437529332 2.9058996479101124e-06 0.316470950347419
0.6835270368641373 2.24437969734087e-06 0.3164707187561654
0.6835063897536582 3.3096035579504264e-05 0.31646051421076227
0.6834904873036743 5.652608834782677e-05 0.3164529866079777
0.6835019943732097 3.949032454997493e-05 0.3164585153022402
0.6835255266137492 4.630550845058153e-06 0.3164698428354058
0.6835197528693698 1.2452425701602564e-05 0.3164677947049287
0.6835131053068257 2.1986772037317616e-05 0.3164649079211369
0.6835265566941623 2.928024300665471e-06 0.316470515281537
0.6835286094484042 1.097152890936238e-06 0.31647029339870486
0.6835272599278249 5.572572631441079e-07 0.3164721828149119
0.6835046503760691 3.664307453435462e-05 0.3164587065493965
0.6841187547436925 5.821615958829723e-07 0.3158806630947115
0.6836333883739754 3.047539764804728e-06 0.31636356408626
0.6879361311398265 3.0259472573417392e-05 0.3120336093876001
0.6443250603453929 3.017168796017367e-05 0.3556447679666469
0.6421045473403679 4.864262861716463e-06 0.3578905883967704
0.6381940848364777 4.55434598615655e-06 0.36180136081753606
0.6352760422104657 3.856352425526392e-06 0.36472010143710876
0.726475116302489 7.545975874511531e-06 0.2735173377216366
0.8383265400063683 1.4958856828427583e-06 0.16167196410794898
0.6502789645315893 1.4962935566222375e-05 0.3497060725328444
0.594218111363054 0.0025844727722930177 0.403197415864653
0.782559785332664 0.0001989887824333533 0.2172412258849027
0.2112960107311064 0.5719954154853145 0.21670857378357913
0.3703151325074265 0.3546186877438312 0.27506617974874226
0.1133401660565303 0.8141536112687755 0.07250622267469402
0.034603328087162315 0.9542427161312721 0.01115395578156558
0.03451131445073231 0.9522954632238464 0.013193222325421259
0.007450558783948909 0.9838404373229754 0.00870900389307574
0.004201336707814785 0.9821696529341546 0.013629010358030717
0.0011859870485499927 0.9958221175146958 0.0029918954367542
0.0164147382511179 0.9396513117925052 0.04393394995637688
0.001163318934486223 0.9892883658393778 0.00954831522613599
0.0002439528454909382 0.9971330514775332 0.002622995676975995
0.00021971131886461541 0.9967008330362591 0.0030794556448762085
0.00048011858153244923 0.9917945918252533 0.007725289593214303
0.002459983803655771 0.9607406368803789 0.036799379315965275
0.000328855336257845 0.9958748397585485 0.0037963049051936916
0.0004926607492308499 0.990586625245979 0.00892071400479002
0.00012154661899440266 0.9969099075287874 0.002968545852218237
8.212275177915326e-05 0.9978471222005838 0.0020707550476369687
0.000331779823206531 0.9910029952987034 0.008665224878090067
0.00013956733782368754 0.996125196843676 0.0037352358185003673
0.00034439156627590067 0.9947674080703415 0.004888200363382666
0.0016519303233547313 0.991564868607504 0.006783201069141316
0.0038579638355532735 0.989258970853995 0.00688306531045177
0.04976765648009279 0.5707338421570909 0.3794985013628164
0.19817876802866236 0.34057143302014364 0.4612497989511941
0.4278913873781884 0.003473208789888546 0.5686354038319231
0.19446427244430298 0.14160641093937415 0.6639293166163229
0.2868440645358621 0.18875039115198763 0.5244055443121504
0.22389206823044103 0.020634447153110944 0.755473484616448
0.32289023357480184 0.005542315643121808 0.6715674507820765
0.21932149003051882 0.01947338314098528 0.7612051268284958
0.26533848820834743 0.0022089659965583283 0.7324525457950942
0.24152460531796413 0.30934747829107595 0.44912791639096006
0.30929442634593335 0.09439061891613315 0.5963149547379335
0.17661312398523957 0.3169240935842145 0.5064627824305459
0.16309133991537603 0.17822838293774668 0.6586802771468773
0.17248763450008348 0.015012884439001891 0.8124994810609145
0.024374264470304743 0.740252064989735 0.2353736705399604
0.06324997834370165 0.4254710696848193 0.5112789519714789
0.05966705181950485 0.6359209302485829 0.3044120179319123
0.010072443320348666 0.9328272992812159 0.05710025739843545
0.02760340528991945 0.8846775555054074 0.08771903920467305
0.01939970267954945 0.9160754471903201 0.06452485013013044
0.007631184649623811 0.9175198111231146 0.07484900422726161
0.006383026376635642 0.9111115561945367 0.08250541742882779
0.0035396083008757593 0.9472223667256275 0.0492380249734967
0.006166992737136477 0.9080836334070721 0.0857493738557915
0.009507692082808912 0.8574294057965045 0.1330629021206866
0.008105949322464044 0.8757615450521237 0.11613250562541227
0.014533937045800659 0.7749959105147044 0.21047015243949488
0.014598017772770623 0.7732529911696001 0.2121489910576292
0.0036307807965509967 0.9435941429748745 0.052775076228574566
0.00278053399733413 0.9545043678921178 0.042715098110547994
0.009315291623781098 0.852828873142627 0.137855835233592
0.005163672078137001 0.9264315871696245 0.06840474075223849
0.077342602916145 0.7175438731447913 0.2051135239390637
0.2351171630929927 0.42486257912292075 0.34002025778408645
0.05224744924679485 0.8284573293692404 0.11929522138396469
0.11912689933144768 0.743053873718882 0.13781922694967028
0.32364890485426273 0.28951291089316816 0.38683818425256905
0.47754424108276994 0.015955836373853012 0.5064999225433771
0.32369816541512325 0.26063949573207296 0.41566233885280374
0.6111984754208737 0.030568287463905087 0.35823323711522115
0.7023929875988972 0.0001401446214930562 0.29746686777960984
0.5003800717215805 0.0037984757080592856 0.49582145257036014
0.5572599203284722 0.006706588115115564 0.4360334915564122
0.519615627582141 0.001170270333435223 0.4792141020844239
0.5821698542299064 0.0008208592852079344 0.4170092864848857
0.5819751654419276 0.0004260917655879026 0.41759874279248443
0.5533177624067253 7.417201510547207e-06 0.4466748203917643
0.6353717893652051 1.075099569128682e-05 0.3646174596391035
0.5798872691868808 0.0001305554245357571 0.41998217538858335
0.5769202404095726 0.00015832425598946365 0.42292143533443805
0.586084849982525 6.840512292964684e-07 0.41391446596624576
0.5852076710261357 1.1452300439426053e-05 0.41478087667342484
0.5856963919477324 4.185063474297052e-06 0.4142994229887932
0.5859298971073631 4.1533091630052585e-08 0.4140700613595452
0.5858595215787233 3.0109915827897743e-07 0.4141401773221182
0.5858434196618402 2.70760177546562e-08 0.41415655326214196
0.5858397186196347 1.6279530246687038e-07 0.41416011858506296
0.5858406687939995 2.485883131091552e-08 0.4141593063471691
0.5858361743707884 1.7274147811167935e-06 0.41416209821443034
0.5858434493903636 4.134750159250575e-07 0.4141561371346205
0.5858407005323151 4.069795383261526e-07 0.41415889248814675
0.5858403443323549 3.679798110277104e-07 0.414159287687834
0.5858395630216965 9.23362587401509e-07 0.4141595136157161
0.5858400423913696 2.4655641751136113e-07 0.41415971105221294
0.5858400009440029 2.3720207037760068e-09 0.41415999668397635
0.5858399975039907 1.940747278732281e-09 0.414160000555262
0.5858400424721152 8.337946087661403e-08 0.4141598741484239
0.5858401125644384 1.7200785238658302e-09 0.4141598857154832
0.585840109062883 1.3814506456318896e-09 0.4141598895556664
0.5858399022443783 4.0606463754446315e-08 0.41416005714915793
0.5858400642935851 7.600208281402272e-09 0.4141599281062066
0.5858400104009185 7.292249999609284e-09 0.41415998230683143
0.5858400604030729 2.762513444583102e-10 0.41415993932067574
0.585839995752006 2.2080803890523352e-08 0.4141599821671902
0.585839969642898 4.660935441291555e-10 0.4141600298910085
0.585839973763218 4.6399183770190866e-08 0.41415997983759834
0.5858402836880139 2.990649066071703e-09 0.41415971332133716
0.585840043320218 7.280287001234176e-09 0.41415994939949513
0.5858398766671427 8.595272779816415e-08 0.4141600373801295
0.5858406583627553 3.77598309139134e-09 0.41415933786126163
0.5858396651859722 2.780526972354424e-07 0.4141600567613307
0.5858394822362882 1.0495249367612867e-07 0.41416041281121807
0.5858398461703457 9.015009376661417e-07 0.4141592523287166
0.5858388830169017 8.89400872222032e-08 0.41416102804301114
0.5858392433728524 2.3137080024584377e-07 0.4141605252563474
0.5858428201007047 9.810579937487937e-08 0.4141570817934959
0.5858386380965781 1.3562050793254924e-07 0.4141612262829139
0.5858391804381395 2.5333640731438012e-08 0.4141607942282198
0.585838720580097 6.863852498217272e-07 0.41416059303465314
0.5858381814421352 5.853329779687145e-07 0.41416123322488685
0.5858311449610697 1.332375484143306e-05 0.41415553128408883
0.585827247826975 1.934059483646541e-05 0.41415341157818847
0.58583527861398 4.920544874633275e-06 0.4141598008411454
0.5858345819448626 5.503958608601486e-06 0.41415991409652875
0.5858357834839066 3.3305396551676796e-06 0.41416088597643824
0.5858327493971127 3.5950313191978756e-07 0.41416689109975524
0.5858204094423056 1.889961143905132e-05 0.4141606909462554
0.5858400711313507 1.970196636040332e-06 0.4141579586720132
0.5858184704037579 2.0137358803724332e-05 0.4141613922374384
0.585838333537581 6.154408927985465e-06 0.4141555120534911
0.5858210707784091 2.8008177855583366e-05 0.41415092104373535
0.5858380028243553 6.420309887413274e-06 0.4141555768657573
0.5858660431317695 4.542048102527682e-07 0.4141335026634204
0.5858214765439339 9.298583364406569e-06 0.41416922487270164
0.5858236164732471 6.244365630206441e-07 0.4141757590901898
0.585816023152655 1.3047469488434495e-05 0.41417092937785654
0.5857054801219834 0.00017799441066661422 0.41411652546734984
0.5857683624014299 6.649986713287051e-05 0.41416513773143726
0.5856237999611513 0.00031042814122637095 0.4140657718976224
0.585686184946209 0.0002042815211613496 0.4141095335326297
0.5857608494376964 7.607666969002695e-05 0.41416307389261364
0.58579082893741 2.45777005830323e-05 0.41418459336200714
0.5857810124942684 4.113507117589267e-05 0.41417785243455557
0.5857567339788349 8.084627952485105e-05 0.41416241974164036
0.5857806347984018 3.9779696511899636e-05 0.4141795855050863
0.585756687378556 7.951510533211703e-05 0.4141637975161119
0.5858008286542484 3.978518177173201e-06 0.41419519282757444
0.5857802803015676 3.8851121497079526e-05 0.41418086857693537
0.585780294410036 3.8798358872812994e-05 0.4141809072310912
0.5856383767005245 0.00028010733826377727 0.41408151596121173
0.5857808066279925 3.769754481435131e-05 0.41418149582719327
0.5857916816568531 1.915261193308624e-05 0.41418916573121367
0.5856943492585686 0.0001809975812253732 0.41412465316020597
0.5856979455621923 0.000171773240079808 0.4141302811977278
0.5857043777774328 0.00014510968164835236 0.4141505125409187
0.5857592477578667 5.608343167008586e-06 0.41423514389896626
0.5856947503308798 7.943022082572094e-05 0.4142258194482945
0.5857373676939631 4.491138986144873e-05 0.41421772091617537
0.5857709549141698 4.900142833367995e-07 0.414228555071547
0.5857606535554087 1.072163495067892e-06 0.41423827428109616
0.5857624719618431 2.268406492531151e-06 0.4142352596316643
0.5857714063213695 1.2938639482138907e-07 0.41422846429223564
0.5857572573586205 2.617870561574542e-06 0.414240124770818
0.5857621888841528 2.2131057121931193e-06 0.41423559801013504
0.5857474101848733 9.641676131205958e-06 0.4142429481389955
0.5857587423833844 2.2045745375216053e-06 0.4142390530420781
0.5857535639104318 6.348814971622247e-06 0.41424008727459666
0.585759638007571 7.23669564780192e-07 0.4142396383228641
0.5857588722672077 7.108247079648674e-07 0.41424041690808433
0.5857555620074971 1.0727132030321132e-06 0.4142433652792998
0.5857584257054198 5.8646788249479e-07 0.4142409878266978
0.585753649836301 5.415154470385917e-06 0.4142409350092286
0.5857709832717094 1.1405952224763884e-08 0.41422900532233836
0.5857527592515004 9.133709218635477e-09 0.41424723161479043
0.5857455749659799 8.93807217414887e-06 0.41424548696184593
0.5857540554777506 2.9190732121137412e-06 0.41424302544903735
0.5857109136644294 5.817232620517484e-05 0.4142309140093655
0.5857402639515801 1.1840819788262097e-05 0.41424789522863176
0.585664410311454 0.00013104897234396217 0.41420454071620205
0.5856880680550269 9.298982668159273e-05 0.41421894211829147
0.5857401629717368 8.120866860578599e-06 0.41425171616140255
0.5857291746653315 1.965003559865929e-05 0.4142511752990698
0.5857387437226481 3.907980462083962e-06 0.41425734829688976
0.5856785785021035 0.00010434280201758274 0.4142170786958791
0.5857151834536275 4.152386683255425e-05 0.41424329267953997
0.5857018210615589 6.451714125997052e-05 0.4142336617971811
0.5856764992638382 0.00010759073873791012 0.41421590999742386
0.5857370319612082 4.334082591477293e-06 0.4142586339562003
0.5857370035511448 4.3537492612137075e-06 0.414258642699594
0.5857380597688023 2.251677750367854e-06 0.4142596885534473
0.5857313101743399 1.358763271833255e-05 0.4142551021929418
0.5856756025878834 0.00010846391533900386 0.41421593349677766
0.5856771081485377 0.00010510265242038837 0.4142177891990418
0.5856552873497717 0.00014126062341848113 0.41420345202680986
0.5857262662854091 1.8945227826962898e-05 0.41425478848676384
0.5857158822071137 3.537684488552856e-05 0.41424874094800074
0.5857182432715025 2.988170203658671e-05 0.41425187502646105
0.5856742689459704 9.648259343678692e-05 0.4142292484605929
0.5857141111860418 1.9166296382164696e-06 0.41428397218432
0.5857227981500098 3.553228812530714e-07 0.4142768465271089
0.5857197412540688 1.1175598360208752e-06 0.41427914118609516
0.585706320803327 1.332007585562146e-05 0.4142803591208174
0.5857153102817986 7.997072612551886e-06 0.414276692645589
0.585692553121276 6.64039024343117e-06 0.4143008064884805
0.5857152199247332 1.1646729827585249e-06 0.41428361540228403
0.5857076173607079 9.277235240580841e-08 0.4142922898669397
0.5856894289073037 8.630221971683005e-07 0.41430970807049916
0.5857193055962364 1.701578518159605e-08 0.4142806773879783
0.5857157493914067 5.827580227882908e-08 0.4142841923327909
0.585715254222134 1.1266940405184209e-08 0.4142847345109257
0.5857154671139798 1.3390860187691908e-10 0.4142845327521117
0.585715316582078 6.808625679637038e-11 0.41428468334983587
0.585715336586527 3.3862608564086736e-10 0.41428466307484696
0.585714685099049 5.384924201917649e-08 0.4142852610517089
0.5857148269282537 1.8184584081396825e-09 0.414285171253288
0.5857148903493765 1.4969911326151215e-09 0.4142851081536324
0.5857148077210546 3.828217877726971e-08 0.41428515399676663
0.5857148116570118 1.7982739550279466e-08 0.4142851703602486
0.585714732490039 1.1631186489120133e-07 0.41428515119809606
0.5857147270020578 9.481067873729856e-08 0.4142851781872634
0.5857147840715916 1.8532706091902446e-08 0.41428519739570224
0.58571481228952 8.675323786489463e-09 0.4142851790351561
0.5857147664033889 5.406785817509217e-08 0.4142851795287528
0.5857150265562204 6.768816419894112e-08 0.4142849057556154
0.5857156392076813 2.3944368385998515e-09 0.41428435839788175
0.5857141965096727 2.0458427377684013e-07 0.41428559890605354
0.5857146438647111 1.9775644601507045e-07 0.41428515837884294
0.5857145423264393 4.34690772375866e-09 0.414285453326653
0.5857145361812177 5.7886991756506944e-09 0.41428545803008315
0.5857138759826624 6.439744150000369e-07 0.4142854800429226
0.5857142461322754 5.0784272771542195e-08 0.4142857030834518
0.585714602121364 7.955730871747155e-09 0.41428538992290526
0.5857154401694586 4.32685125410194e-08 0.4142845165620288
0.5857070378033455 1.227164667675616e-05 0.4142806905499776
0.5857142387591538 1.5938215008381765e-07 0.41428560185869606
0.5857130237120018 2.316163356500032e-06 0.4142846601246416
0.5857087298450914 9.528702907301611e-06 0.41428174145200136
0.5857069618485242 1.2540037452816392e-05 0.41428049811402284
0.5857119539582717 4.015733875229119e-06 0.41428403030785305
0.5857135842463315 1.229897133820127e-06 0.41428518585653473
0.5857131059689284 2.047003402667284e-06 0.4142848470276689
0.5857122700396485 3.4721536123840907e-06 0.4142842578067391
0.5857131075887053 2.0403756990267235e-06 0.4142848520355957
0.5857118999509928 4.0997548433372876e-06 0.41428400029416385
0.5857108386578013 5.911275130955115e-06 0.4142832500670679
0.5857108445266314 5.880849636794923e-06 0.4142832746237319
0.5857137854118962 8.966701484645788e-07 0.4142853179179554
0.5857085859916686 9.664325268990603e-06 0.4142817496830622
0.5857130595479563 1.968997543932268e-06 0.4142849714544999
0.5857121130349648 3.474473204603964e-06 0.4142844124918305
0.5857121562602815 3.133168632638855e-06 0.41428471057108585
0.5857135075257806 1.5425644250955598e-07 0.4142863382177769
0.5857134759895108 1.2109073306647337e-08 0.4142865119014158
0.5857134383457838 3.980569318469238e-08 0.4142865218485228
0.5857134963403698 2.864911033864287e-08 0.41428647501051974
0.5857125391022354 1.0540412101839213e-06 0.41428640685655443
0.5857129544741334 2.1666291779716542e-07 0.41428682886294876
0.5857115900014881 1.123118164860526e-06 0.414287286880347
0.5857128257726838 4.6291559018615874e-07 0.4142867113117261
0.5857131686736304 9.29143905523638e-08 0.41428673841197905
0.585713006236483 3.217853568634413e-07 0.4142866719781602
0.5857120884075355 1.1955606384464245e-06 0.4142867160318261
0.585711958196015 1.6229537823416948e-06 0.41428641885020273
0.5857129507136244 2.868880740569368e-08 0.4142870205975682
0.5857129511970343 2.8707073853898203e-08 0.41428702009589186
0.5857128094095093 1.4047686453299512e-07 0.41428705011362615
0.5857128960058753 2.3334788946836522e-08 0.4142870806593359
0.5857116962994303 2.0119445172365206e-06 0.4142862917560524
0.585711966530145 1.5308617781244502e-06 0.41428650260807687
0.5857116528500733 2.076355303135782e-06 0.41428627079462355
0.5857119897048183 1.4647536108452828e-06 0.41428654554157085
0.5857128103250633 2.399837603659277e-08 0.4142871656765607
0.5857128178962414 2.882806887409601e-08 0.41428715327568977
0.5857123870695986 7.382175805335756e-07 0.41428687471282094
0.5857125672193305 4.199273250352141e-07 0.4142870128533444
0.5857126598790274 2.2789854635356226e-07 0.4142871122224262
0.5857124027815204 6.64158060165689e-07 0.4142869330604194
0.5857121454535685 1.0142883430420217e-06 0.4142868402580885
0.585712621200989 1.1331722181157306e-08 0.41428736746728884
0.585712538588202 8.97780042330685e-08 0.4142873716337938
0.5857126596593784 2.638339657435194e-08 0.4142873139572251
0.5857124284724279 7.568225640707051e-08 0.4142874958453158
0.5857119594810365 1.1302236002158296e-08 0.4142880292167275
0.5857117570363283 1.0763122011411293e-08 0.4142882322005497
0.5857122272899314 4.284678667016821e-07 0.41428734424220187
0.5857119088462277 2.4931112883618104e-07 0.4142878418426434
0.5857236687416582 2.2321520950557157e-07 0.41427610804313225
0.5857264933972535 2.279905179932328e-09 0.41427350432284143
0.585715099381601 1.3722250690758764e-07 0.41428476339589204
0.585705288269926 1.4261282704966002e-06 0.41429328560180356
0.5857266023702931 6.484916818458281e-08 0.41427333278053863
0.5857315985184524 4.5372688268625963e-07 0.4142679477546648
0.5856971208969661 1.3590000314109955e-05 0.41428928910271984
0.5857055319851286 4.0013513765739175e-06 0.4142904666634947
0.5857220814263173 7.310733684672933e-07 0.41427718750031417
0.5857081217153934 5.32307112403635e-07 0.4142913459774943
0.5856644056179651 7.016740579910986e-05 0.4142654269762359
0.5856909582843973 1.83880959544739e-05 0.4142906536196482
0.58563017531855 0.00012150985898325935 0.41424831482246677
0.5856833449192664 3.087520520633648e-05 0.4142857798755272
0.5856064654931659 0.0001617051409887207 0.4142318293658454
0.585591383026255 0.00018739590058915339 0.4142212210731557
0.5856858565335623 2.5932708820967418e-05 0.41428821075761657
0.5855889698769214 0.00019138921573230656 0.4142196409073463
0.5856571439172584 7.492726480278977e-05 0.4142679288179387
0.5856952581415621 9.832973223175406e-06 0.4142949088852147
0.5856973292660564 6.827470161963524e-06 0.4142958432637816
0.5856276513227858 0.00012482004572438724 0.4142475286314898
0.5856857267134711 2.544809603133916e-05 0.4142888251904976
0.5856774902873494 3.917990644579398e-05 0.4142833298062049
0.5856096925980212 0.00015246510828619464 0.41423784229369265
0.5856883365183008 2.5979262919391083e-06 0.4143090655554073
0.5856864042035891 4.701115577421954e-06 0.4143088946808334
0.5856829914930001 8.123480550406681e-06 0.4143088850264494
