inside membrane outside
0.11719981793131852 0.0 0.8828001820686814
0.08768583364704347 1.1053204858332471e-08 0.9123141552997517
0.1278488771360508 5.728385909806462e-08 0.8721510655800901
0.08839898485315385 6.627869527185742e-06 0.9115943872773189
0.07528596601987678 5.545469223540859e-07 0.9247134794332009
0.1172543803275521 0.00011786280236836563 0.8826277568700795
0.05669758168754284 4.3700838920791517e-05 0.9432587174735363
0.08010992770084868 9.297712515777014e-05 0.9197970951739936
0.11699554518918986 0.00015664515682219893 0.8828478096539879
0.07517595622227703 1.8122871303688962e-05 0.9248059209064193
0.10277403836518485 0.0005570097792767554 0.8966689518555384
0.09210159749485915 0.0054437994919543575 0.9024546030131865
0.07230273394957813 0.010404463314378989 0.9172928027360429
0.0665708651712548 0.07224554534570582 0.8611835894830394
0.0735751807333525 0.013441124137219184 0.9129836951294283
0.06489159881300799 0.0852994513026299 0.849808949884362
0.06679907110934807 0.028594233148032937 0.9046066957426189
0.06354528973487082 0.09729097301881684 0.8391637372463123
0.06799443754957395 0.016165740417790772 0.9158398220326353
0.06993121090285875 0.0031510176721466156 0.9269177714249947
0.059599360803781455 0.0893835508280397 0.8510170883681788
0.06470041569976007 0.010921198623188019 0.9243783856770519
0.05956080382799043 0.0893131708227749 0.8511260253492346
0.05957880505528669 0.08892678185438772 0.8514944130903256
0.05803639284558992 0.11252294051856011 0.8294406666358499
0.06418802701557307 0.01834491336079933 0.9174670596236276
0.06418500682515721 0.018241036760659496 0.9175739564141834
0.0599208650525818 0.08330833342853276 0.8567708015188855
0.0642201506705051 0.017307215144245245 0.9184726341852497
0.0650531838722213 0.001859006802200508 0.9330878093255782
0.06406662333381208 0.013061482521732296 0.9228718941444556
0.06359340935216762 0.0211079194379804 0.915298671209852
0.06438271320035627 0.00475989384298687 0.9308573929566568
0.0627835656530265 0.030164789016214166 0.9070516453307594
0.06140630520108765 0.03936689577702996 0.8992267990218823
0.06318555936711177 0.013609688907317776 0.9232047517255705
0.06122566444013898 0.029090996171385868 0.9096833393884751
0.06356077288099224 0.0034966566221971782 0.9329425704968106
0.06351875945183148 0.00046599742980368245 0.9360152431183648
0.06347641591854464 0.00027817718049505527 0.9362454069009604
0.06340559387652153 0.0004985049134755373 0.936095901210003
0.06259691217697239 0.003355479736895397 0.9340476080861323
0.06335603355883145 0.0003370620415667815 0.9363069043996017
0.06354189924500823 0.00011507751190333246 0.9363430232430884
0.06337106083439237 4.226703475055864e-05 0.936586672130857
0.06339268633646886 0.00010122932862466226 0.9365060843349065
0.06332326937394417 0.00023483666546308946 0.9364418939605927
0.06337516414867084 0.0002382370668423854 0.9363865987844867
0.0634467951512332 8.007573560977156e-05 0.9364731291131569
0.06350555622567639 5.2772744904213625e-05 0.9364416710294194
0.06346728758427664 2.5026929546207318e-05 0.9365076854861771
0.06345083270112124 8.548328997434476e-06 0.9365406189698813
0.06356966781634851 1.6306644396951057e-06 0.9364287015192119
0.063362127776566 1.931791710173139e-06 0.9366359404317238
0.06340662451529357 5.360587814864944e-05 0.9365397696065577
0.06290314662308881 0.0002374511819429142 0.9368594021949683
0.06372778543282284 0.00015394338591043338 0.9361182711812668
0.06255113192729134 4.7460286198409206e-05 0.9374014077865103
0.057286414120992474 0.0004382388155464719 0.942275347063461
0.05608063637026695 0.00014105111603828724 0.9437783125136948
0.04472188350189985 0.00036580156526096647 0.9549123149328391
0.045626927350887685 0.01411493141333592 0.9402581412357764
0.06258558286169989 0.014855062085265163 0.922559355053035
0.05171275585650423 0.006543613893653671 0.9417436302498422
0.04848928388565604 0.0013642764550292371 0.9501464396593147
0.0662120725036225 0.15162829731398764 0.7821596301823899
0.05140940924921824 0.026284904251639197 0.9223056864991427
0.0366179146211338 0.029983370648420868 0.9333987147304452
0.05861608530884008 0.09486409901695456 0.8465198156742053
0.013546939085136793 0.512896227279435 0.4735568336354284
0.008990146744286972 0.7083784224635825 0.28263143079213043
0.046190194877720185 0.5820626902472199 0.3717471148750599
0.006274739529074547 0.9294621614393392 0.0642630990315862
0.0010159786335247362 0.9937001656144373 0.005283855752038058
0.00047220755390307254 0.9984839459799186 0.001043846466178341
0.0003485530919554393 0.9991134915266571 0.0005379553813875462
0.0011179346581835746 0.9984592062580239 0.00042285908379244736
0.0003006315627512665 0.9996357965999685 6.357183728027627e-05
0.0022244871189086197 0.9973418726362127 0.0004336402448786121
0.002244741489478262 0.9973598010299678 0.00039545748055394916
0.00030978208797905485 0.9996377275165168 5.249039550420705e-05
0.00046271429144311636 0.9994592987676042 7.798694095273375e-05
0.0008834962124243177 0.9990086621257138 0.00010784166186179852
0.0004837062393125554 0.9994588275036083 5.746625707912909e-05
0.004823331669084585 0.9948610291132117 0.00031563921770365696
0.007324748341282735 0.9924190368901233 0.0002562147685939555
0.015498052950994339 0.9835822013268238 0.0009197457221817834
0.0776192524433788 0.9207949368111199 0.0015858107455013273
0.06655663972759633 0.9320373501446818 0.0014060101277218423
0.5862908424479135 0.40391511652533024 0.009794041026756324
0.05022013619804253 0.9487897509710315 0.000990112830925996
0.12754362885073653 0.8375922180822449 0.03486415306701856
0.1130197238201574 0.867404958615908 0.01957531756393463
0.2641366076421072 0.6968052452379369 0.039058147119955866
0.9623771638991495 0.011437281571359967 0.026185554529490493
0.9615184021844371 0.0002572173429672493 0.038224380472595555
0.9243666855938653 0.0043585744555790056 0.07127473995055586
0.9618859520581661 2.711311550870315e-06 0.0381113366302831
0.9391475693355963 0.00016270577186395008 0.060689724892539765
0.9402742029140526 0.0011692178952582462 0.05855657919068906
0.9120517882451624 0.01725842154777958 0.07068979020705801
0.9152255661010971 0.00456363493169358 0.08021079896720917
0.9358161399585462 0.005367000061956408 0.058816859979497316
0.9723222307162978 0.0027181781823071914 0.024959591101395173
0.5005619222812935 0.4513658555820626 0.04807222213664391
0.6178842385681264 0.3344243643032868 0.047691397128586936
0.12912882360357195 0.8596348661830034 0.011236310213424673
0.1978943017837561 0.7850293872093679 0.017076311006875938
0.02756588179093253 0.9711384707289582 0.0012956474801093267
0.05164812358902031 0.9467494521416914 0.0016024242692883703
0.05962340129071378 0.9388240797028856 0.0015525190064006455
0.7163260006143223 0.2722763677182887 0.011397631667389028
0.0025519271483758154 0.9973062375888518 0.00014183526277231187
0.0005277961409681798 0.9994189955465317 5.320831250012911e-05
0.0005931465799594335 0.9993409921773635 6.5861242676971e-05
0.0006059461022888499 0.9993276494069213 6.640449078979225e-05
0.0010687965383239537 0.9988137233581587 0.00011748010351730106
0.0005940580343542479 0.9993375754021696 6.836656347609107e-05
0.015118989566438762 0.9829944225003217 0.0018865879332395994
0.0005985514341287439 0.9992364397523971 0.00016500881347415096
0.0010538316403658524 0.9973188835630623 0.0016272847965720014
0.0004657141199694312 0.9977980191287661 0.0017362667512644747
0.009877117206107294 0.8916146655600209 0.0985082172338718
0.0005362206227398113 0.993348267233676 0.006115512143584138
0.0015335183691558608 0.913482896052288 0.08498358557855616
0.0007538216141131336 0.8892898727118029 0.1099563056740838
0.0008800368631996588 0.8775251520039464 0.12159481113285399
0.002224302256871843 0.8037581058125645 0.19401759193056373
0.05446480138025376 0.47061901240480125 0.4749161862149449
0.042143974018268644 0.4182040611752075 0.5396519648065238
0.06965432140668432 0.013730578330100187 0.9166151002632156
0.04380882764036697 0.011616580759373468 0.9445745916002595
0.10455851781048874 0.00045919894324521893 0.8949822832462662
0.05769376440715055 0.029563507516616055 0.9127427280762334
0.005535243368955145 0.9424828130283731 0.051981943602671804
0.002399134275909225 0.9689767931971822 0.02862407252690851
0.0013847571906740164 0.9841963213076566 0.014418921501669379
0.0003806978002709265 0.99548151244406 0.004137789755668984
0.0005984273305488928 0.9936341958549779 0.005767376814473158
2.2210751490385656e-05 0.9993255901084432 0.0006521991400664166
8.985088800451268e-06 0.9994083210950278 0.0005826938161718223
7.077722496251567e-06 0.9994624262792824 0.0005304959982213475
9.093787162179752e-05 0.9932611774022158 0.006647884726162372
7.276408682962881e-06 0.9994589574962451 0.0005337660950719087
7.322823436868251e-06 0.9994592702435344 0.0005334069330287354
1.3436884401681326e-05 0.9990574325250626 0.0009291305905356689
2.6923603941774764e-05 0.998386909689147 0.0015861667069111587
6.257243554407899e-06 0.9996298382901878 0.0003639044662578757
1.015433807124218e-05 0.9994540230720425 0.0005358225898863494
0.00018978945583048026 0.997124404001692 0.0026858065424776685
6.890231746848325e-05 0.9994737475637453 0.00045735011878622725
0.0012662474247500653 0.9968853824386319 0.0018483701366179847
0.004365408538636662 0.9939908474610939 0.0016437440002694986
0.18304681476419477 0.8011842541474382 0.015768931088366956
0.11975871684936493 0.8752621792893577 0.004979103861277329
0.14516346787248835 0.8514327420233047 0.0034037901042070122
0.9234712673326022 0.023548109799894322 0.052980622867503456
0.9506077765250013 0.001236128088924687 0.048156095386073954
0.8677286471520953 0.04554865982247929 0.0867226930254254
0.9595231625594145 0.0005310890460054195 0.03994574839458015
0.9111192314003884 0.03719577249557669 0.05168499610403487
0.8578717268785436 0.09435885186548826 0.047769421255968066
0.2633352698081919 0.7172082710899147 0.019456459101893343
0.5698264535074555 0.30576529674589775 0.12440824974664677
0.5655072430838782 0.36777624915019147 0.06671650776593022
0.24105392557832445 0.7293001684203639 0.029645906001311638
0.06270076968101868 0.9355761292379483 0.001723101081032886
0.019547850755581127 0.9786717065639572 0.0017804426804615804
0.0030345158600878844 0.9960611174292809 0.0009043667106311432
0.0009398055996988179 0.9983742231974629 0.0006859712028382658
0.0018517384636252414 0.9977160915490294 0.00043216998734544866
0.0025721710167260674 0.9969566279313294 0.0004712010519444721
0.001219570164157478 0.9985572146760505 0.00022321515979200203
0.0009624956144424498 0.9988607754720005 0.00017672891355695116
0.02959439765555076 0.9649340993681538 0.005471502976295572
0.0008699674300765759 0.9989511048005122 0.00017892776941127428
0.0009019796365551006 0.9983967614258823 0.0007012589375627836
0.0012946986866204297 0.9956859743579802 0.003019326955399294
0.016224688984642226 0.8465289794234391 0.1372463315919187
0.0016541168068940405 0.9766707551590691 0.02167512803403703
0.004458233459352985 0.8421398383880407 0.15340192815260614
0.032109988040106265 0.06798512378248533 0.8999048881774084
0.003686616882191795 0.8854921984932678 0.11082118462454041
0.007794482101352628 0.7860062291053309 0.20619928879331653
0.04572074197691671 0.20183670990725391 0.7524425481158293
0.013358576867786336 0.5615330771589356 0.425108345973278
0.04141081551970435 0.05169383202506463 0.9068953524552311
0.02115334380200463 0.21505681146854957 0.7637898447294458
0.1532665884914056 0.00866177593916782 0.8380716355694267
0.07334963030739572 0.006889417947618443 0.9197609517449858
0.055778348795110046 0.25589155529683305 0.6883300959080569
0.049222838242212144 0.4680878877253499 0.4826892740324379
0.05396601581790362 0.09142857476851712 0.8546054094135793
0.0453396337787911 0.13860111309423626 0.8160592531269726
0.024206187728506363 0.31517098323380827 0.6606228290376853
0.0020891688261200627 0.9292837395306531 0.06862709164322679
0.001825491785717174 0.9597559188556157 0.038418589358667106
0.0002760243775034114 0.9980826104233144 0.0016413651991821375
0.00013741763727771807 0.999742508778175 0.00012007358454721275
0.00045432590811480075 0.9992404127360724 0.00030526135581268626
3.824054452090087e-05 0.9999358066173417 2.5952838137351238e-05
4.1853039685766535e-05 0.9999236129678739 3.453399244028421e-05
0.00020645721149247984 0.9996296603333693 0.0001638824551382298
8.42223131856896e-05 0.9998509874327667 6.479025404775528e-05
6.988185498178649e-05 0.9998759890187034 5.4129126314841544e-05
0.0005013521189762542 0.9991125493431497 0.00038609853787410943
6.957926963688428e-05 0.9998769863526993 5.343437766382884e-05
3.1235337518526665e-05 0.9999449237215495 2.3840940932080734e-05
3.7136543518396724e-05 0.9999374189037543 2.5444552727219526e-05
6.724768633411881e-05 0.9998956893898252 3.706292384069723e-05
0.0004109844352161664 0.9993867859261624 0.00020222963862147114
0.0006394521711066717 0.9989718083662009 0.0003887394626923311
0.004317348425490347 0.9943954335761007 0.001287217998408913
0.6783217282958265 0.27730595210618497 0.04437231959798848
0.07808494028599296 0.916788560741349 0.0051264989726581296
0.13057738298556973 0.8613416225862416 0.008080994428188638
0.10635012810091654 0.8806279984656612 0.013021873433422178
0.7014955088673052 0.18691237549461778 0.11159211563807717
0.6534994485610232 0.29105607324123883 0.05544447819773815
0.9439261466812248 0.0028877886008225606 0.053186064717952605
0.8870895477197644 0.0007298809961714567 0.1121805712840641
0.9643006103044179 1.4873100637660075e-05 0.03568451659494445
0.9325333940971267 0.0003786902317352997 0.067087915671138
0.9018904812048046 2.157444703991457e-05 0.0980879443481553
0.899478233493702 0.00011430944351464358 0.10040745706278324
0.9533451294919568 2.3235915815670614e-07 0.04665463814888497
0.9249897483286171 3.175706480172522e-05 0.07497849460658106
0.9366836153624729 9.695870328778244e-05 0.06321942593423924
0.9309206941225959 0.0004500637315853855 0.0686292421458186
0.9344972583432319 4.7355079268660066e-05 0.0654553865774994
0.932277881391687 0.00026578747752861764 0.06745633113078438
0.9324096754334128 0.0003894862486178402 0.0672008383179693
0.9325691770815978 0.0003740181702844356 0.0670568047481177
0.9304432734573446 0.002729861347052989 0.06682686519560257
0.9329508348342307 8.33191791618128e-05 0.06696584598660744
0.9324370209829955 0.0007107490068921268 0.06685223001011224
0.9310130421492138 0.0023652442808592645 0.06662171356992705
0.9325297850767037 0.0007197751851194341 0.06675043973817694
0.9273318606163095 0.006287602363050936 0.06638053702063967
0.9248121863903784 0.008973883086941147 0.06621393052268032
0.9319549469974231 0.0013348305885202468 0.06671022241405652
0.9330371878725485 0.00017472807408908084 0.06678808405336231
0.9243877223469469 0.009474748659203796 0.06613752899384943
0.9311441056063793 0.002235659542352577 0.0666202348512682
0.9250152234450316 0.008802791735783114 0.06618198481918532
0.9326108358979357 0.0006636343915431646 0.06672552971052115
0.9288923662587504 0.004647448840462025 0.06646018490078764
0.9287638033122855 0.004778117298437307 0.06645807938927714
0.930950733237142 0.0024207214685357152 0.06662854529432238
0.9320566985821332 0.0012130949513587865 0.06673020646650811
0.928018387501967 0.00547996886556102 0.066501643632472
0.9300641407633866 0.0028815180434265714 0.06705434119318675
0.9328169191531828 0.00014327041165362062 0.06703981043516372
0.932727317748537 5.7856664701845225e-05 0.06721482558676113
0.931797764422999 0.001035711028115616 0.06716652454888536
0.9305514613585163 0.0022117149564958023 0.06723682368498794
0.930920202683556 0.0019373795738189211 0.06714241774262501
0.9324294432903547 0.00018461759949588445 0.06738593911014942
0.9308983210879285 0.0013582146005046052 0.06774346431156694
0.9310792430909515 0.0011856838140324201 0.06773507309501609
0.9319962606999325 0.000167365290840143 0.06783637400922739
0.9322365668579704 9.79541709058079e-07 0.06776245360032056
0.9319574040251875 1.7447003955563673e-07 0.06804242150477303
0.9318371545876508 3.6984047080857944e-08 0.06816280842830204
0.9317297040391075 1.1741518623099836e-06 0.06826912180903028
0.9318807725860858 9.991735008528623e-08 0.06811912749656414
0.9318831422402473 9.498464377833721e-08 0.068116762775109
0.9317922411939512 8.176597700150273e-07 0.06820694114627872
0.9318892692215346 1.241882130831962e-07 0.06811060659025242
0.9319151854587742 7.092788139810608e-08 0.06808474361334463
0.9318971781234435 1.203514107551585e-07 0.06810270152514562
0.9318939915431736 1.0790581390094127e-06 0.06810492939868726
0.931897489309794 2.235563989524274e-08 0.06810248833456634
0.9318967428068656 1.8854915863648975e-07 0.06810306864397565
0.9318967249186142 1.9207827088796066e-07 0.06810308300311477
0.9318970372716306 1.0343479549401027e-07 0.06810285929357371
0.9318975647826553 3.612665713139234e-07 0.06810207395077324
0.9318949197896585 3.611182343529918e-07 0.06810471909210701
0.9318596773288248 8.323071440575887e-07 0.06813949036403107
0.9318305662963527 6.543189080685916e-06 0.06816289051456649
0.9316916539939081 2.909914680281063e-05 0.06827924685928902
0.932531633481916 3.944278580637073e-06 0.06746442223950323
0.9298753353867791 3.394116545612898e-06 0.07012127049667527
0.9378286846556186 2.303562748904912e-05 0.06214827971689222
0.9257607992121768 2.2639157946335154e-05 0.07421656162987689
0.9350017812885105 3.7939791600851965e-06 0.06499442473232939
0.9362864119805374 3.319724784130091e-05 0.06368039077162134
0.9370444843585403 1.7971895433909886e-05 0.0629375437460257
0.9352020043583512 0.001157241294024567 0.06364075434762417
0.9121369833973221 0.01148894732980705 0.07637406927287083
0.954908639650654 0.0035707023688274875 0.041520657980518544
0.8834458283566977 0.027427314386247247 0.08912685725705505
0.7323481568850817 0.1937725741829151 0.07387926893200322
0.2734926825760184 0.6935519473269689 0.032955370097012625
0.43172614581559055 0.5155779292080279 0.052695924976381515
0.2748450707357043 0.6908342492357551 0.03432068002854053
0.4110276087521385 0.5375820571553933 0.051390334092468196
0.251708654567996 0.7165385461834757 0.03175279924852837
0.5987753486764241 0.32575387220090485 0.07547077912267086
0.84823596674296 0.04736118508765389 0.1044028481693862
0.36706787801556345 0.5863715999406659 0.04656052204377059
0.20951241805435544 0.7638388643624527 0.02664871758319176
0.44457213539248597 0.4988241231843908 0.056603741423123376
0.5928002707563517 0.3317215302215709 0.07547819902207753
0.5920246461284318 0.33250082490090105 0.07547452897066707
0.20801829239567968 0.7654454725216406 0.02653623508267965
0.2533334668368091 0.7143457453081652 0.032320787855025755
0.2058807969146326 0.7678351098087985 0.026284093276568696
0.4583654698779589 0.48221903340989514 0.05941549671214598
0.45912914249299047 0.47609454081296754 0.06477631669404188
0.28796921287842336 0.6662573982253338 0.045773388896242835
0.22162117846518145 0.6815680979304289 0.09681072360438953
0.5067601457913673 0.007766054755341675 0.48547379945329094
0.45085100446577603 0.14053207877615223 0.40861691675807177
0.3671629365963658 0.24102995339770628 0.391807110005928
0.5152947261566867 0.01965070178885975 0.46505457205445366
0.43401495826017655 0.0008850121429198295 0.5651000295969036
0.45333649296983897 0.006625643338293154 0.540037863691868
0.41465706553406256 0.026224603174522115 0.5591183312914152
0.4743721548830199 0.01718573634860668 0.5084421087683733
0.36526966018860907 0.023379944862503596 0.6113503949488873
0.4647781182039097 0.017187624681272575 0.5180342571148178
0.4682890628491155 0.001988687289444139 0.5297222498614403
0.4506709175433071 0.0010074845971011933 0.5483215978595917
0.4642662842530596 0.00046786916219100026 0.5352658465847494
0.44825088157998083 0.003101610040188781 0.5486475083798303
0.45166323160832017 0.0026445944870965203 0.5456921739045834
0.45414677311937546 3.2434731560801915e-05 0.5458207921490638
0.45232334947378594 0.00040275638607044 0.5472738941401436
0.4524121742186097 0.000352719539608938 0.5472351062417814
0.4540640208953219 0.0004319301127523975 0.5455040489919257
0.4531457596725633 5.277375653034693e-06 0.5468489629517838
0.45191665482608245 0.0002600138197561117 0.5478233313541615
0.45349106034484576 0.00017245619257273773 0.5463364834625816
0.45344817162975576 2.114470589693894e-05 0.5465306836643473
0.4545949041321153 4.0428979844712e-06 0.5454010529699002
0.45058490250471434 0.00013329589251021205 0.5492818016027755
0.45173941522012034 1.6827571369898053e-05 0.5482437572085098
0.4544594770715704 1.5914477776106706e-06 0.5455389314806521
0.45112597647648073 8.529199475427405e-06 0.5488654943240437
0.44821267804021664 3.1874110237005275e-05 0.5517554478495463
0.5420048742095761 1.7558051809363726e-07 0.4579949502099058
0.6421941428441718 5.157978752565878e-06 0.3578006991770756
0.3863478995362037 9.25792962937826e-06 0.6136428425341669
0.38547727721957736 9.185068808143768e-05 0.6144308720923413
0.3514725192558454 0.004998251321769232 0.6435292294223854
0.45967358448136225 0.1138826974471072 0.4264437180715305
0.350425974445633 0.018294067984943197 0.6312799575694238
0.3404583190270724 0.11081451501585206 0.5487271659570756
0.4739395439439945 0.03662361339941036 0.48943684265659515
0.5576849267716304 0.002777996814295749 0.4395370764140738
0.172560535640853 0.6374220035164564 0.1900174608426905
0.041223227666847474 0.9219204148137985 0.036856357519354066
0.07413620197135604 0.8704976494354261 0.055366148593218
0.04369217215890129 0.9337144659426684 0.022593361898430232
0.09167825426566575 0.8616006067552723 0.0467211389790619
0.11755737094617628 0.8226086695217196 0.05983395953210419
0.19716960134577666 0.7026692185012646 0.10016118015295868
0.06253666575624744 0.9057944806141907 0.03166885362956197
0.04001891994335239 0.939637485856507 0.020343594200140463
0.05102506364127346 0.9230367688639554 0.02593816749477115
0.0510337809354057 0.9230247910424859 0.02594142802210846
0.19634254388957814 0.7039143783114552 0.09974307779896666
0.05141076414468021 0.9225763459567076 0.026012889898612227
0.1466905755321808 0.7851529670675162 0.06815645740030292
0.48647409206616354 0.2964319815656312 0.21709392636820526
0.15860983881624582 0.7709624899700637 0.07042767121369033
0.09977426276347384 0.8544783319321605 0.04574740530436559
0.12264216292379866 0.8204522795040081 0.05690555757219327
0.06328490436931154 0.9007677052570678 0.035947390373620686
0.28723777581777815 0.5509141376271143 0.16184808655510757
0.44475906260783266 0.3385627643271533 0.21667817306501394
0.09372485955107211 0.8550381441675211 0.05123699628140683
0.06741501856769391 0.8905221537928253 0.042062827639480854
0.6499009140972887 0.022028507111664385 0.32807057879104695
0.759059852278019 0.0005973026011224276 0.2403428451208585
0.6085636591322385 0.0030702020757942482 0.38836613879196713
0.5149793266317497 0.002878842920033233 0.4821418304482171
0.5455186545446254 1.1860704895724412e-05 0.4544694847504789
0.5194814278801518 0.00044742232534131156 0.4800711497945069
0.5380227734837438 0.00017132568073772796 0.46180590083551837
0.6328925738813633 0.00017449180075241206 0.3669329343178843
0.6915498078906428 6.969947183691693e-06 0.30844322216217357
0.6347137642933122 0.0006966218903226837 0.3645896138163652
0.6168565465333475 1.1376721599947658e-05 0.3831320767450526
0.6027525944374081 0.00017012295792513614 0.39707728260466674
0.6024840873070028 0.00011275044973757425 0.3974031622432598
0.6022384146492391 0.0005708262611233214 0.3971907590896376
0.6025635157359502 0.00018021200776918044 0.3972562722562807
0.6025987816464262 0.00011239664471397218 0.3972888217088598
0.6021888914950738 0.0007975540992656195 0.3970135544056607
0.602186946124295 0.0007997676561902401 0.39701328621951465
0.6024600670977754 0.00034028314424016206 0.3971996497579844
0.6026300791873919 4.816123089393073e-05 0.3973217595817141
0.6026439719604548 1.1030576501485367e-05 0.39734499746304364
0.6025949302323914 9.026892939303364e-05 0.3973148008382156
0.6023810724964821 0.0004395153046447927 0.39717941219887304
0.6024202370718882 0.00038503009031223834 0.3971947328377995
0.6024183204986953 0.000373730561179388 0.3972079489401253
0.6026095612781937 4.707827667103896e-05 0.3973433604451353
0.60262219824248 1.764040532074834e-05 0.3973601613521993
0.6026367265833135 1.9283743084692275e-06 0.3973613450423779
0.602625417748653 1.5773903951061827e-05 0.39735880834739595
0.6026404937184707 1.5238239121196646e-07 0.397359353899138
0.6026328580985629 5.665262687104472e-07 0.3973665753751684
0.6026253278630449 9.114865809276113e-08 0.397374580988297
0.6026102602562476 4.6502943357928306e-07 0.39738927471431873
0.6026107644372585 4.4980807403525645e-07 0.39738878575466746
0.602623142952275 6.363782920464006e-07 0.39737622066943296
0.6026118996350984 4.98606636767299e-07 0.39738760175826493
0.6026123733133313 2.7681697743350677e-08 0.397387599004971
0.6026168825093381 5.605761212331313e-06 0.3973775117294496
0.6025885592797285 5.194432011772703e-06 0.39740624628825977
0.6026326149804292 9.107565203115078e-07 0.3973664742630505
0.6024482731853706 5.67755137824532e-06 0.3975460492632511
0.6376462798598554 2.678936681153662e-06 0.36235104120346345
0.5945193647642767 1.0904990170520209e-06 0.4054795447367063
0.5945254930001612 6.167724581166549e-06 0.4054683392752575
0.5897087843414867 1.1465068222957201e-07 0.41029110100783117
0.5749833128857965 2.1800375612645084e-05 0.4249948867385908
0.6176961936492996 1.0553669065225472e-06 0.38230275098379385
0.7752892448468703 7.478489291591108e-06 0.224703276663838
0.5375493852354869 0.0010205614677303 0.4614300532967827
0.6274908219142473 4.1364400551135926e-05 0.3724678136852016
0.5393253601075989 7.12215293998052e-05 0.46060341836300117
0.39578497350506037 0.21303687091915127 0.3911781555757884
0.3976666105646423 0.21413319735258374 0.38820019208277395
0.5814312129411826 0.010431605616225848 0.4081371814425916
0.527366964222016 0.06744108795546568 0.40519194782251844
0.15431239509522304 0.5782208299717417 0.26746677493303517
0.3975612048346156 0.05172806778693223 0.5507107273784522
0.0117349689377339 0.8092834951461738 0.17898153591609237
0.003946005339223556 0.8202377149903032 0.1758162796704733
0.00304233749559187 0.7609500469746386 0.23600761552976948
0.0064277120167739905 0.44130251332296155 0.5522697746602645
0.004558586988489886 0.5896489953968063 0.40579241761470375
0.007345942251710315 0.3138714228386389 0.6787826349096509
0.001920751217584806 0.8328511671107797 0.16522808167163547
0.01026246722813893 0.12615507479690893 0.863582457974952
0.0016909912142683992 0.8503316694294801 0.14797733935625149
0.0016779430607156047 0.8505673446306314 0.1477547123086529
0.001957277938358905 0.7928128542285092 0.20522986783313182
0.0037677753462203372 0.6502985034142144 0.3459337212395652
0.0017241285240292227 0.7658137008850209 0.23246217059094984
0.0016714279424872092 0.7543473572633911 0.24398121479412171
0.004615207213691746 0.4154721123315465 0.5799126804547617
0.0016833665979664393 0.7266680817436745 0.27164855165835916
0.0072915750254495 0.386417227572592 0.6062911974019585
0.010671980071081158 0.18195889488282166 0.807369125046097
0.002571664773790468 0.5946074003022751 0.4028209349239344
0.0027334520501019434 0.49794931259412883 0.49931723535576916
0.005128159147977918 0.15542651825890877 0.8394453225931133
0.01741714339632768 0.0030890220721897796 0.9794938345314826
0.0041650670679016675 0.6635187445162612 0.3323161884158371
0.00407403381457578 0.8005512378131979 0.19537472837222628
0.00039297453624305363 0.9907115966863194 0.008895428777437552
0.000500796841376989 0.9941601084382892 0.005339094720333913
0.0004965954406705744 0.9983688080488916 0.0011345965104379227
0.0001596784624636449 0.9996806818140977 0.00015963972343853731
0.00034969569548946 0.9992847415838397 0.00036556272067076297
0.00011820604877501847 0.9998171735143457 6.462043687914278e-05
0.0003714313232791935 0.9994348171900023 0.00019375148671860006
0.0001698634887771737 0.9997086847061751 0.00012145180504771324
0.00011947368574404155 0.9997981263258282 8.23999884278222e-05
0.00023434851289859694 0.9995199790488019 0.000245672438299602
0.00012129076057743598 0.9997744950795302 0.00010421415989240448
0.0015127581850797448 0.9959303083823025 0.002556933432617888
0.00018817081219870812 0.9994326889652265 0.0003791402225747681
0.0016151922022581593 0.9957052508999894 0.002679556897752554
0.000740208859812513 0.9978890091522012 0.001370781987986266
0.00037589389363870245 0.9991541693924528 0.0004699367139084375
0.004615038864607271 0.9948785486648278 0.0005064124705649715
0.1664673421470112 0.8302079662182736 0.003324691634715213
0.9763704440923086 0.016125801793894227 0.0075037541137972725
0.6468600769529474 0.34478074343251586 0.008359179614536881
0.9846329802742472 0.006446307269373827 0.008920712456379005
0.9921332199640464 0.000345111746050009 0.007521668289903676
0.9924737009768754 2.5624914029541976e-05 0.007500674109095065
0.9807071383130035 0.0004873863708172526 0.01880547531617929
0.9903557890106162 1.0747410586223644e-06 0.009643136248325275
0.9925219493514164 9.75882755340778e-09 0.007478040889756185
0.9948461543629706 1.518005106584343e-09 0.00515384411902419
0.9897118313452796 1.7489255634348236e-10 0.010288168479827806
0.9884645880486371 3.176789848991509e-10 0.011535411633683915
0.9891288478190551 3.1964780084276523e-12 0.010871152177748592
0.9874571554282149 1.5516158467526643e-09 0.012542843020169319
0.9874850948030117 4.494054963575529e-10 0.012514904747582871
0.9873772043885863 2.9146653201565332e-09 0.012622792696748313
0.9873744686540183 1.273789064538953e-07 0.01262540396707524
0.9874288082549026 4.372572824525859e-06 0.01256681917227279
0.9873368888037861 4.2602290986891575e-05 0.012620508905227038
0.987287485733628 0.00013267183714421712 0.012579842429227727
0.9809574168368798 0.0064809049601695975 0.012561678202950595
0.9797429410560252 0.007708446454919797 0.012548612489055025
0.9859333368089812 0.0014384592981791372 0.012628203892839591
0.9871878377220167 0.00016762588588647523 0.012644536392096855
0.9791758483809606 0.008282040605699611 0.012542111013339711
0.9804252535781015 0.007016580785572182 0.012558165636326404
0.9867932088865178 0.0005670736451596321 0.012639717468322527
0.9867962657866 0.0005639730497530825 0.0126397611636469
0.9774840766504579 0.009995444641709669 0.012520478707832587
0.9872151615771891 0.00013972374724879424 0.012645114675562064
0.9860103231342372 0.0013599722495248763 0.012629704616237943
0.9805001491042399 0.006940712133881313 0.012559138761878898
0.9872223530176981 0.00013228008172856733 0.012645366900573291
0.9809274001937719 0.006507832503002752 0.012564767303225437
0.9823046760409264 0.005111843062584027 0.012583480896489564
0.984830520257251 0.0025279800633324764 0.012641499679416423
0.9806587160375497 0.006685739101179214 0.012655544861271037
0.986773451013047 0.00016014642371351152 0.01306640256323949
0.9852970363279054 0.000683704108831118 0.014019259563263425
0.9851891340835226 0.0004482841991314345 0.014362581717345863
0.9828965667222542 0.0018468381066059484 0.015256595171139975
0.9835811659928955 0.0014117334567241538 0.015007100550380263
0.9846444052387414 0.0004060272855473237 0.014949567475711214
0.9843074301971232 3.0863011070133445e-07 0.015692261172765988
0.9842287906843338 1.1268301456240227e-05 0.01575994101420986
0.9845893842700053 1.753024124142513e-06 0.015408862705870526
0.9844138049144209 1.5197162857814238e-06 0.01558467536929333
0.9847253028690759 5.259877248715838e-06 0.015269437253675203
0.9862385879616955 1.6934658917687616e-07 0.013761242691715308
0.9848259687181885 1.5998685789934366e-07 0.015173871294953664
0.9837175381890957 3.3402352147981966e-08 0.01628242840855204
0.9881909961081125 3.769202338867187e-07 0.011808626971653743
0.9822844718058673 5.175203206246603e-06 0.017710352990926412
0.9759984582676389 0.006593152809046346 0.01740838892331497
0.9907976932851446 0.00038566898102798203 0.008816637733827442
0.9827374212489552 0.0027374220552651104 0.014525156695779612
0.8851119822365218 0.09516950519397316 0.01971851256950498
0.9886437247707791 0.0018014953972405327 0.009554779831980472
0.9511134284991369 0.0354717500836835 0.013414821417179415
0.9049486503098628 0.08228367999395277 0.012767669696184451
0.7381068902116207 0.24137570081109072 0.020517408977288612
0.369160369562485 0.6212579221874333 0.009581708250081844
0.2902230263633946 0.6996003447280921 0.010176628908513348
0.4763830250170768 0.505951031557703 0.01766594342522013
0.3864498167054537 0.6052954690049666 0.008254714289579827
0.15642263651591565 0.839870282441929 0.0037070810421555678
0.21469683400463985 0.7771624368167289 0.008140729178631264
0.010833808674209387 0.9887903982000167 0.0003757931257738298
0.00432942952864007 0.9954826241692092 0.00018794630215068298
0.013920788106507966 0.9857740983435457 0.0003051135499463975
0.004859102182887154 0.9950659353645 7.496245261272688e-05
0.026260190224686612 0.9728457303099887 0.00089407946532469
0.0024077653036004114 0.9975025691189703 8.966557742920336e-05
0.004267180835088967 0.9954008068781187 0.00033201228679230894
0.019211405819856486 0.9772703808486635 0.003518213331480107
0.0018835753589848188 0.9974306293584723 0.0006857952825429992
0.0024384179620696514 0.9958148210030248 0.0017467610349056197
0.0025039715011936255 0.9948302779030767 0.002665750595729835
0.012118926043625786 0.9415996876184552 0.04628138633791901
0.006198781404423038 0.932603322162461 0.061197896433116024
0.01139593687852065 0.7956948735878869 0.19290918953359235
0.007445214253573172 0.866790603821995 0.12576418192443187
0.0020794383114129257 0.9419319286470843 0.05598863304150267
0.011161986433569889 0.715657289002565 0.27318072456386505
0.0035683019045575685 0.8725558796720742 0.12387581842336837
0.002325426048174235 0.8468232223280225 0.15085135162380317
0.003827367931133139 0.7814223227380727 0.2147503093307941
0.0062027713542924376 0.7261270881513848 0.26767014049432275
0.007166411858394327 0.6331185088983556 0.35971507924325014
0.018022064924466952 0.006361691322061858 0.9756162437534711
0.034841045372189836 1.2066091687525591e-05 0.9651468885361227
0.02298209206622324 2.2892522045850908e-05 0.9769950154117308
0.03530113886718691 4.462527175199915e-06 0.9646943986056379
0.02500619219172025 0.004740157762835146 0.9702536500454445
0.014117771852203016 0.026011865769163055 0.9598703623786339
0.016426822989579534 0.007729678447095844 0.9758434985633246
0.024662312548706634 0.018327449686267972 0.9570102377650254
0.015066343125802266 0.0031492343309374167 0.9817844225432604
0.005829104753523171 0.8365735412340273 0.15759735401244945
0.0029981753618928877 0.7797984938315367 0.2172033308065705
0.0017566542428069998 0.8029133196031353 0.1953300261540578
0.003102554956006502 0.4547628344459116 0.5421346105980819
0.0010658249654740078 0.9061276241027814 0.09280655093174464
0.00044193570909078844 0.9646210069543399 0.034937057336569426
0.0006731472413181675 0.9723749991345977 0.026951853624084133
0.00027692547090732406 0.9834930264797753 0.016230048049317346
0.00021973713985551797 0.9874799987479739 0.012300264112170584
0.00269005299559202 0.8506791659642394 0.14663078104016852
0.00010287252205915044 0.9893825920852026 0.010514535392738424
8.399499981746892e-05 0.9902147975246423 0.009701207475540298
0.0004424355528770941 0.952203946213193 0.04735361823392983
0.00011523823300817727 0.9924348616772805 0.007449900089711304
0.0021350860836668677 0.9230099878395008 0.07485492607683226
0.00043220141064505453 0.9902661767433919 0.009301621845962936
0.004086615656689715 0.9501042204304906 0.04580916391281952
0.0011738809542411412 0.9892997993805049 0.009526319665253835
0.005134639117251068 0.9850618354574803 0.009803525425268567
0.08098101464659967 0.8346775480532683 0.08434143730013206
0.10092240665049597 0.8832994110274265 0.015778182322077675
0.02821302253259457 0.9611641919334569 0.010622785533948605
0.04039992587799648 0.9504376946038399 0.00916237951816372
0.7139206373707436 0.2496984224060615 0.036380940223194776
0.7560443490790387 0.20129348590420187 0.04266216501675944
0.358946440941765 0.6158404035278005 0.02521315553043469
0.3992532189544583 0.5709683671570455 0.02977841388849626
0.9229004649271125 0.01084849032031856 0.06625104475256888
0.8938233731920914 0.06209454645972321 0.04408208034818539
0.9606319302670101 0.0014129165476150281 0.03795515318537484
0.9145061276437353 0.036414123742299756 0.04907974861396508
0.941685642436293 0.013386854024658624 0.044927503539048265
0.9080120862059075 0.02991300123585563 0.06207491255823688
0.951556423184473 0.0012094729293324643 0.04723410388619471
0.9687100405992329 9.30196649763909e-05 0.03119693973579058
0.9485755775259221 0.0013336929986779934 0.050090729475399796
0.9574893716566 8.752654135735639e-05 0.04242310180204259
0.9588867094961825 4.207178597912006e-06 0.041109083325219696
0.9544438619343923 0.0001940245141156718 0.04536211355149203
0.9549245670070778 0.00011631207104018881 0.04495912092188197
0.9556102432283522 3.322178076763883e-05 0.04435653499088024
0.9554350904346351 1.9650231242047385e-05 0.04454525933412276
0.9554208000598023 1.9167264816731245e-05 0.04456003267538089
0.9554571634396222 1.9986314691952495e-06 0.044540837928908714
0.9553455333250036 0.0001347439136125692 0.04451972276138376
0.9554691734636125 8.311268403542754e-06 0.04452251526798391
0.9554467570621757 2.978304675079536e-05 0.04452345989107336
0.9554706681447122 2.818932018880993e-06 0.044526512923268896
0.9554260470552497 4.7635442640610594e-05 0.04452631750210952
0.9554097833102001 6.24631519228949e-05 0.04452775353787688
0.955408906907064 4.206622531471304e-05 0.04454902686762133
0.9554357319781438 1.4625171111308198e-07 0.044564121770145244
0.9554412602899918 4.626810795936631e-06 0.04455411289921235
0.9554425089142174 7.018081972760788e-07 0.04455678927758524
0.9554265008150662 6.93515237841879e-07 0.04457280566969587
0.9554231260137204 2.286830644736046e-05 0.044554005679832184
0.9554402492675383 4.5218774895014704e-06 0.044555228854972234
0.9554243057147465 2.474334917800045e-06 0.04457321995033577
0.9554007818406526 2.7523950091594486e-05 0.04457169420925576
0.9554313830882345 9.024584260966429e-06 0.044559592327504505
0.9554420159704584 4.240775410328157e-07 0.04455755995200063
0.955415021099287 2.564568680459677e-05 0.044559333213908356
0.9554253662249986 1.4586187264946045e-05 0.044560047587736615
0.9554146248399449 2.5711708727482522e-05 0.04455966345132764
0.9554342313991968 5.089217966085179e-06 0.04456067938283714
0.9554145375490293 2.569072623102316e-05 0.04455977172473968
0.955438391700339 5.189851513262811e-07 0.04456108931450971
0.9554385582061397 4.5808441382353245e-07 0.044560983709446576
0.9554297983716067 9.586699644587777e-06 0.04456061492874866
0.9554309632021286 8.370558077460891e-06 0.044560666239793975
0.9554061745232671 3.4241226854421444e-05 0.04455958424987848
0.9554174441039749 2.2388443080527946e-05 0.044560167452944506
0.955410740361394 2.9064858763485282e-05 0.04456019477984263
0.9554320162016531 1.8231449608413815e-06 0.044566160653386
0.9554278135034916 2.0906368988343206e-08 0.044572165590139524
0.9554309389047558 5.162253569952832e-08 0.044569009472708386
0.9554259075032637 6.929277349675551e-09 0.044574085567458885
0.9554308407643831 2.333430123031269e-09 0.04456915690218675
0.9554318845228276 1.5096651117234957e-10 0.04456811532620593
0.9554318830705923 6.316625557499618e-11 0.0445681168662414
0.95543083315567 2.016616060201577e-09 0.0445691648277141
0.9554282831575946 1.41101312487959e-08 0.04457170273227396
0.9554274812770917 6.217791731715859e-10 0.04457251810112923
0.9554298279691934 9.837049610525043e-08 0.04457007366031061
0.9554293526239028 5.6704264807270866e-08 0.04457059067183242
0.9554287279084533 1.5318919512632726e-07 0.04457111890235149
0.9554288687586765 3.0479711733996364e-08 0.04457110076161178
0.9554297102457832 6.040285862078337e-09 0.044570283713931055
