inside membrane outside
0.125098646901765 0.0 0.874901353098235
0.08669390663989662 6.897778507336055e-11 0.9133060932911256
0.11165769912867837 2.780182020912243e-10 0.8883423005933034
0.10991280079284363 4.9013721836463366e-12 0.890087199202255
0.15066482287681193 2.2291561384698804e-08 0.8493351548316268
0.07272771489490786 4.799303301446984e-09 0.9272722803057888
0.17893310421840047 2.423423577853427e-09 0.821066893358176
0.20398671006047792 5.906230507929564e-09 0.7960132840332916
0.14881177986382968 8.7431565583199e-09 0.8511882113930138
0.14669917503289387 5.983117996734047e-08 0.8533007651359262
0.11919311139129542 7.456600906841603e-08 0.8808068140426955
0.11919284616458077 4.0191993131956685e-07 0.880806751915488
0.11919280939078686 1.3911982826450138e-08 0.8808071766972303
0.1191926214124043 1.5910381545317705e-06 0.8808057875494412
0.11919267078801034 1.1752568046159687e-06 0.8808061539551851
0.1191927802033764 2.5828548995859805e-07 0.8808069615111336
0.11919278425454867 2.216671377430841e-07 0.8808069940783136
0.11919267756297931 1.1157887152348882e-06 0.8808062066483053
0.11919276690234755 3.7031514235288166e-07 0.8808068627825102
0.11919280025636814 8.871697165232106e-08 0.8808071110266602
0.119192793654779 1.3599572336984555e-07 0.8808070703494976
0.11919273582434804 6.253162936899202e-07 0.8808066388593583
0.11919280560170467 2.7998812941127638e-08 0.8808071663994823
0.11919280488027159 5.103267100397236e-08 0.8808071440870573
0.11919270078001382 9.065889246207094e-07 0.8808063926310615
0.11919278712920098 1.6231103992960695e-07 0.8808070505597592
0.11919280030496762 4.678569667123185e-08 0.8808071529093358
0.11919277838324649 8.333810228229235e-08 0.8808071382786512
0.11919276918454949 1.4154879251094473e-07 0.880807089266658
0.11919274555044793 2.7139163843983955e-07 0.8808069830579137
0.11919278435147734 1.8550473235092792e-09 0.8808072137934753
0.11919276387990675 9.22126171840426e-11 0.8808072360278806
0.11919277857031915 1.2121714161522374e-10 0.8808072213084637
0.11919276139031786 5.293111761406025e-09 0.8808072333165704
0.11919276560960601 6.386928765215801e-10 0.8808072337517011
0.11919275845864499 3.058809855386335e-09 0.8808072384825452
0.11919277474600241 1.661560579844354e-09 0.8808072235924369
0.11919277118075533 6.683588022337256e-10 0.8808072281508859
0.11919277367054389 4.648793395379979e-09 0.8808072216806627
0.11919277698896774 1.0738218071650396e-10 0.88080722290365
0.11919277067137718 5.801202978893077e-09 0.8808072235274198
0.11919277256014053 1.2251590568867626e-10 0.8808072273173436
0.1191927725447123 1.1047956243365388e-10 0.8808072273448081
0.1191927721547866 3.0151824521463772e-09 0.8808072248300309
0.11919277211180909 3.1919602447376042e-09 0.8808072246962307
0.1191927725550587 1.0432330473973378e-11 0.880807227434509
0.11919277254978083 5.508463921954149e-12 0.8808072274447107
0.11919277244179051 5.542564880475315e-11 0.8808072275027838
0.11919277241535275 3.356086062156014e-11 0.8808072275510864
0.11919277251506709 2.054268531692903e-11 0.8808072274643902
0.11919277242012702 1.8285109277641822e-10 0.8808072273970219
0.11919277254996656 1.8843463075720703e-12 0.8808072274481491
0.11919277254720384 1.512316857179237e-12 0.8808072274512839
0.11919277240258869 7.382720535143514e-11 0.8808072275235842
0.11919277247547798 9.537289657642776e-11 0.8808072274291491
0.11919277244492799 1.4714844826849977e-12 0.8808072275536005
0.11919277242248182 1.1643882532346507e-12 0.8808072275763538
0.11919277244985564 8.6055895838512e-11 0.8808072274640885
0.11919277236102142 1.6899190534983112e-12 0.8808072276372887
0.11919277157164807 1.8423244182898566e-12 0.8808072284265096
0.11919277623843177 8.378489082708723e-11 0.8808072236777833
0.11919275588043847 9.867012064600177e-11 0.8808072440208914
0.11919288778552928 2.321807734740101e-12 0.8808071122121489
0.11919280121534301 5.043327315514126e-12 0.8808071987796137
0.11919306267871675 2.0439035758513198e-12 0.8808069373192393
0.11919179661350784 3.4021543991402497e-12 0.88080820338309
0.11919051986856503 1.5383554772447306e-10 0.8808094799775994
0.11918886996809386 1.2727638648185061e-10 0.8808111299046297
0.11917982071317879 8.464845405427248e-12 0.8808201792783564
0.11929888264942845 6.453483809952715e-10 0.8807011167052231
0.11915970894604135 3.63644195095881e-10 0.8808402906903144
0.11898244335701848 2.2167968718519678e-07 0.8810173349632944
0.11975052030120117 3.979840256683993e-07 0.8802490817147731
0.11888687221913966 1.1525006689691362e-07 0.8811130125307934
0.11985273112908869 4.407708637085544e-08 0.8801472247938249
0.11869020327423215 3.2810198704220218e-06 0.8813065157058974
0.11868551341818545 3.0895588881137468e-06 0.8813113970229264
0.11770114626913263 4.9040606460236676e-05 0.8822498131244072
0.11838001162920676 7.556648907310316e-05 0.8815444218817201
0.13323367090774554 2.3136280343086036e-05 0.8667431928119114
0.12024331147506304 1.726206533792664e-05 0.879739426459599
0.11590222479015805 0.000550596882842633 0.8835471783269994
0.11858474362981393 0.0008413135101639144 0.8805739428600221
0.11437003803777664 0.001681104179105301 0.8839488577831182
0.1107814215743875 0.01978221136534991 0.8694363670602626
0.1111495710199266 0.00393654148454424 0.8849138874955291
0.11290371450964795 0.000775014356543035 0.8863212711338091
0.11615186687130061 0.0006991188986375921 0.8831490142300618
0.10839060638928598 0.005746673648332599 0.8858627199623814
0.10741119608591719 0.00636452964154426 0.8862242742725385
0.10329619111779163 0.0423490359480576 0.8543547729341509
0.1068759173985325 0.008901369253137205 0.8842227133483302
0.10447687919749579 0.03095807144132937 0.8645650493611748
0.10712104314631829 0.0064231309946587815 0.8864558258590229
0.1034647741628658 0.0403341991633188 0.8562010266738155
0.1034809021103795 0.040183119504541905 0.8563359783850787
0.1050184006998742 0.026231678765931674 0.8687499205341941
0.10758142936411719 0.0021689166675107887 0.8902496539683721
0.10667666443664503 0.010562745868636087 0.8827605896947189
0.10771578564760292 0.0017711840490156187 0.8905130303033815
0.10511235692218494 0.025097183875747518 0.8697904592020675
0.10430347424712234 0.030128700533791634 0.8655678252190862
0.10618756162634325 0.018238305120995377 0.8755741332526614
0.10296983939079486 0.0021706640713172196 0.8948594965378879
0.1401351160798404 0.0004648076847883736 0.8594000762353712
0.12016223345213121 0.0006585725039942829 0.8791791940438746
0.10483755477135007 0.0058982032374317594 0.8892642419912181
0.07677514962190284 0.0025307707286273623 0.9206940796494697
0.13666422757162955 9.046141940231633e-05 0.8632453110089683
0.12338830928239777 0.00029485342951812655 0.8763168372880841
0.12471016038068765 1.4500012353376556e-05 0.875275339606959
0.09372039991720664 0.0010905922360992925 0.9051890078466941
0.11038063749610945 0.0001684163914897572 0.8894509461124007
0.07997098845572735 0.007671999873460422 0.9123570116708122
0.08242362637214579 0.08410942192177062 0.8334669517060835
0.02264462726579715 0.93090721028634 0.04644816244786295
0.04388219978537538 0.8954163565639307 0.06070144365069382
0.027948088921947296 0.9224487981581291 0.04960311291992361
0.15623681468952505 0.6811132957587611 0.16264988955171378
0.1093020916105285 0.8128061807383581 0.07789172765111346
0.016645303025757126 0.9825197933223234 0.0008349036519193322
0.040680309828624514 0.958301046032958 0.0010186441384174827
0.023554978548388374 0.9758179237596077 0.0006270976920040176
0.3578408189804524 0.6368894869605956 0.00526969405895191
0.023863018106225906 0.9759430503470665 0.00019393154670761532
0.023659294419259416 0.9761694904856119 0.00017121509512869692
0.02931930454129035 0.9704598771267766 0.00022081833193294552
0.05730209335116156 0.9423024092738379 0.0003954973750006356
0.02321333217933819 0.9766256513002755 0.00016101652038627497
0.016256383104299197 0.9836299002649074 0.00011371663079342453
0.016311467208998367 0.9835657356693255 0.00012279712167619463
0.0580642392712231 0.9408591915451359 0.001076569183641021
0.11278956795194853 0.8840144749533241 0.003195957094727313
0.12130841490817995 0.87503117513446 0.0036604099573600245
0.02857433774837968 0.9692336420665748 0.0021920201850454987
0.029887388116642082 0.9646730566286872 0.005439555254670737
0.1553771363592148 0.7793633688083434 0.06525949483244166
0.0703075881633109 0.9088948689091862 0.02079754292750288
0.9415145421749226 0.0028808767740514597 0.055604581051025975
0.9557976856285977 0.0018569645275781966 0.04234534984382397
0.9563486854847986 0.00125281629612552 0.042398498219075834
0.9564035667510078 0.0011827162713326299 0.04241371697765954
0.9204484203723019 0.008339590024966745 0.0712119896027314
0.9259984592616795 0.01033725855832826 0.06366428217999244
0.6354437867193733 0.3093445971421627 0.05521161613846402
0.6213892000199064 0.3279251158032653 0.050685684176828304
0.7427513691141738 0.21447719880014904 0.04277143208567719
0.9633509154393843 0.015213832997386862 0.021435251563228886
0.9179088874875717 0.017096657090303682 0.0649944554221247
0.3405531257780029 0.627391181052815 0.032055693169182026
0.002680276970912385 0.9907044194088023 0.006615303620285289
0.0008737022176331893 0.9940313591332536 0.0050949386491132105
0.0006325762446580477 0.9958533400464793 0.0035140837088627184
0.000488655267608097 0.9960332632469001 0.0034780814854918985
0.00037129032487619005 0.9902719567091748 0.009356752965949065
7.584112033372188e-05 0.996547064708723 0.0033770941709432376
7.92365410075376e-05 0.9950464234375457 0.0048743400214468985
4.784410001468809e-05 0.9961038239134009 0.003848331986584506
0.0007057300055465682 0.9402064987105996 0.0590877712838538
0.00028689714502812296 0.9746784236124392 0.025034679242532724
4.6201552041261316e-05 0.9959530833280643 0.004000715119894354
0.00034909757467937823 0.9697029799022443 0.029947922523076313
0.0004335703446353758 0.960594630534385 0.038971799120979665
8.582331893102477e-05 0.9944756002138981 0.005438576467170875
0.00019252409723536994 0.9831557289242429 0.016651746978521707
0.008155700750947657 0.5607703046991751 0.4310739945498773
0.00038835067451165755 0.985233937463351 0.01437771186213742
0.0018255803141463726 0.881062290311476 0.11711212937437757
0.0029069788492665696 0.6805282161288854 0.3165648050218481
0.0009950995022949 0.8743088045301366 0.12469609596756853
0.001554670646647225 0.8442174025733533 0.1542279267799993
0.02733613370775493 0.16212588460811897 0.810537981684126
0.016779503757369727 0.41869231142157604 0.5645281848210542
0.0917636283861753 0.0012276488093165212 0.9070087228045083
0.02060646512860857 0.0016283330347047148 0.9777652018366867
0.047707899685114366 0.014295579676513341 0.9379965206383724
0.032636047270897736 0.006490071162863685 0.9608738815662387
0.03177959442632131 2.684362970190984e-05 0.9681935619439768
0.06158435814770289 2.3438400030125133e-08 0.9384156184138972
0.03323391200255875 1.1793797933820334e-07 0.9667659700594619
0.06098308794609849 1.8605238433885712e-08 0.939016893448663
0.0462274833639087 1.9690663738958557e-06 0.9537705475697174
0.03420035507772863 0.0007573929781794179 0.965042251944092
0.040254545314465165 0.0008943255477157979 0.9588511291378191
0.030989149200129434 0.0018271951514919115 0.9671836556483786
0.029596433777926656 0.0016047861142226083 0.9687987801078508
0.05618555541675994 0.00022598149448944734 0.9435884630887507
0.03199063375589611 0.0004866661290863382 0.9675227001150176
0.034739759380569085 0.0008228555820626145 0.9644373850373683
0.040458655508907676 0.005830972774061837 0.9537103717170305
0.031287877334941344 0.00044217563776036514 0.9682699470272983
0.028509327005461188 0.5329459647947113 0.4385447081998275
0.01455696674122623 0.8969308652441396 0.0885121680146341
0.021121496582727314 0.8995052189856847 0.07937328443158802
0.030282439545972574 0.8910837643282068 0.0786337961258207
0.009151489840529999 0.9860742380470183 0.0047742721124516595
0.008430659250827298 0.9886576130597988 0.0029117276893738738
0.032494253981416116 0.9555034185980251 0.012002327420558838
0.32253966052515287 0.5959718227386553 0.08148851673619174
0.011036749643395589 0.9855504009000201 0.003412849456584325
0.0840069780533815 0.8969271896574768 0.019065832289141757
0.03221925579397089 0.9622385528151024 0.005542191390926626
0.3378517942006657 0.6063695754426077 0.055778630356726665
0.008597750251140396 0.9910882321582517 0.00031401759060796156
0.008596941702661185 0.991283781328575 0.00011927696876379075
0.013856160464193792 0.9859648983633107 0.0001789411724953878
0.05400416978473312 0.9454212037944729 0.0005746264207939084
0.014359287456893733 0.9853954403965297 0.00024527214657639777
0.02775201526387766 0.9718773813585845 0.0003706033775377957
0.008255821128165171 0.9915915468661494 0.0001526320056855556
0.062004520089886515 0.9369750728640778 0.0010204070460357692
0.007860064707013847 0.9919614706157074 0.0001784646772789023
0.007966689693692382 0.9916444792010206 0.0003888311052870757
0.0127970484055609 0.9866602336580711 0.0005427179363679003
0.2954875357196342 0.7008966767998512 0.0036157874805145705
0.6329736331362599 0.3596299636211274 0.0073964032426127565
0.7230377014248315 0.2672864727842609 0.009675825790907743
0.9498924092640861 0.0368199357903031 0.013287654945610957
0.9847986289625077 0.005516431524040107 0.00968493951345228
0.9877862256159832 0.004058130247409586 0.008155644136607338
0.9959287840382961 0.00013755195090664395 0.003933664010797381
0.9960441914981822 2.3868603913156122e-05 0.0039319398979046636
0.9848616786666191 9.728729541237533e-05 0.01504103403796846
0.9574208294468493 0.03341723442437442 0.009161936128776358
0.9409538020061883 0.045683531263147545 0.013362666730664254
0.9868862990199102 0.009665255773299073 0.003448445206790762
0.0659301145384732 0.9325050945637134 0.0015647908978133845
0.00296672231231157 0.996284186004042 0.0007490916836464519
0.0011405653910646846 0.9986708638924733 0.0001885707164621207
0.00040755044167729035 0.9995070616716694 8.538788665332753e-05
0.00010688410223779795 0.9998476550656863 4.5460832075929075e-05
8.396604058984167e-05 0.9998791446487179 3.688931069245666e-05
0.00012859959636980003 0.9998232795756219 4.8120828008317076e-05
0.0010838955187000442 0.9984486118376152 0.0004674926436848256
0.00014078875224625285 0.999794659796508 6.455145124568722e-05
7.580544403754355e-05 0.9998877959191257 3.6398636836806975e-05
0.00016060516603959724 0.9997629172454836 7.647758847674557e-05
0.00023572399562809992 0.9996547850827757 0.00010949092159612247
7.192453912712403e-05 0.9998908547360488 3.722072482410851e-05
7.151458366504789e-05 0.9998888510871884 3.963432914665766e-05
0.00015717999754631798 0.9997103381180892 0.00013248188436459235
0.00043053807333551773 0.9973715420784244 0.0021979198482400568
0.0007521178343011524 0.9816264707508472 0.01762141141485173
0.00015146331807755408 0.9941138985452599 0.0057346381366626745
0.0004327169571048866 0.9453354881892806 0.05423179485361456
0.01092605229636048 0.08972312215102414 0.8993508255526154
0.0038981716506561155 0.13236705173050678 0.8637347766188371
0.002628089218307563 0.3461213279428153 0.651250582838877
0.004307878896232574 0.1750180373529921 0.8206740837507753
0.007676099456973139 0.12287521596200554 0.8694486845810212
0.006703208208316112 0.057824240550304724 0.9354725512413792
0.006209944599951607 0.011740586308504847 0.9820494690915436
0.00852874879515833 0.030445337737328746 0.9610259134675129
0.0050154210597910505 0.04979824239448423 0.9451863365457247
0.0015722720996273678 0.78899633238031 0.20943139552006274
0.0029790263563796715 0.4608926557621001 0.5361283178815203
0.002094827398024465 0.7059459510055528 0.2919592215964227
0.0017608393845761888 0.8546144534681518 0.14362470714727205
0.0024347767663339664 0.9041854212267053 0.09337980200696071
0.003168757417257098 0.9213608601368061 0.07547038244593686
0.0029829266148564217 0.8598704812986797 0.1371465920864639
0.0006312151749310323 0.9755805848692461 0.023788199955822698
0.0006604294320730357 0.9672956518903238 0.03204391867760312
4.9816504932199214e-05 0.9970411289701945 0.0029090545248733352
3.427966327094304e-05 0.9986625301784137 0.0013031901583155656
2.4078958072593827e-05 0.9989806106046724 0.0009953104372550582
2.1056192447238863e-05 0.9991637467717749 0.0008151970357778768
8.373854982817195e-05 0.9985843101470349 0.00133195130313692
0.0002484973339420442 0.998851534824457 0.0008999678416009504
9.456663712897815e-05 0.9992062843772883 0.0006991489855827358
0.0002766860455383675 0.9992256818344627 0.0004976321199988576
0.001287232604155831 0.998076587812307 0.0006361795835372203
0.032428626481329624 0.9615570395511849 0.006014333967485463
0.022939396969274033 0.9720431204252821 0.005017482605443907
0.022662020140713054 0.9749490802523149 0.002388899606972044
0.07783577066028068 0.9172747300093843 0.004889499330334905
0.07131494808309613 0.9266493605691009 0.0020356913478030677
0.8747218121259406 0.10682275621663996 0.018455431657419454
0.9259530125188798 0.055278112311227943 0.018768875169892126
0.9436433015549658 0.03722941441100661 0.01912728403402761
0.9617705488860161 0.028536878845374064 0.009692572268609796
0.937464414139891 0.05493509541499486 0.007600490445114217
0.573181660490377 0.41692696986696315 0.00989136964265985
0.6033839592851462 0.38294935725398727 0.013666683460866486
0.3746634424232057 0.6171893002857963 0.008147257290997956
0.7046422618248235 0.27958658025591865 0.015771157919257855
0.9347063913029106 0.05841118435675852 0.006882424340330937
0.4175204300167987 0.5743060551613404 0.008173514821860867
0.27354938605144374 0.7215920505792885 0.004858563369267841
0.5511923662400379 0.43777608780467203 0.011031545955290146
0.4508131323387914 0.5402305592474614 0.008956308413747222
0.26152448463407924 0.7336795118886942 0.004796003477226524
0.8349982279413809 0.14903145664894707 0.015970315409671965
0.7910008142080791 0.19321449363426263 0.015784692157658195
0.33104336710598703 0.662559766946547 0.0063968659474660395
0.7073813183907656 0.2789236634075997 0.013695018201634738
0.4804509993462092 0.5102819841261694 0.0092670165276214
0.3376902696693051 0.6557661074155758 0.006543622915119163
0.27725549606603067 0.7166606979765384 0.0060838059574309464
0.9251918348402919 0.05122460929991261 0.023583555859795508
0.4664740636225396 0.518484864385413 0.015041071992047433
0.36340282594741824 0.6134371946236352 0.023159979428946587
0.35662917110628406 0.5802544437945917 0.06311638509912428
0.3465509873085022 0.5817900325286628 0.07165898016283505
0.6193698371149776 0.03687153450578197 0.3437586283792403
0.6782209359950121 0.008015316745979323 0.3137637472590086
0.4228810616585355 0.14371579278110638 0.43340314556035825
0.5510446885440481 0.0024828588972221196 0.4464724525587299
0.525045914692371 9.204698663467682e-05 0.4748620383209944
0.5843551164841786 8.636605317840294e-05 0.41555851746264294
0.638923725156511 1.767853978358967e-05 0.36105859630370535
0.4638487866639106 0.0008065345342660927 0.5353446788018233
0.5615122925734504 0.0001309593699393025 0.43835674805661035
0.6252375041352684 0.0002179010824931958 0.37454459478223845
0.5520943744561038 0.0001198465282481978 0.4477857790156481
0.5577414728732351 0.00029472535932205407 0.4419638017674429
0.53884917748519 0.0007606133793795179 0.4603902091354305
0.5534174030300143 0.0005770683898334999 0.44600552858015236
0.5531160141969352 7.205406409128668e-05 0.4468119317389734
0.5530226620148057 0.0003228399914420721 0.4466544979937524
0.5530474240308345 0.0002125828606736507 0.44673999310849183
0.5530940338745179 6.60409372705969e-05 0.4468399251882113
0.5530826580622558 0.00010512824606263887 0.44681221369168156
0.553002780776128 0.0003564548585842633 0.4466407643652877
0.5530389898811511 0.00047620078825739087 0.44648480933059154
0.5531147392648524 1.5260532592994724e-05 0.4468700002025547
0.5527927410073755 0.0006802305077504938 0.4465270284848741
0.5530643775699607 9.117976862847042e-05 0.4468444426614108
0.5530505853724111 6.95705392529417e-05 0.4468798440883358
0.5530297245090434 4.898028415376382e-06 0.4469653774625412
0.5531085097266313 1.6156151389216073e-05 0.4468753341219795
0.5529077113427449 0.00011950488974614163 0.44697278376750904
0.5524810546475921 0.0009281274854319938 0.446590817866976
0.5528494866861461 0.0002458444678477222 0.4469046688460062
0.5528227344852437 0.00016627236935929532 0.44701099314539705
0.5524132405432175 0.000893910438765104 0.4466928490180175
0.5527768421480478 0.00025936744849861497 0.4469637904034537
0.5526683357695523 0.0003796399319899839 0.44695202429845765
0.5527703337862817 0.00020371498928706416 0.4470259512244311
0.552963233473255 3.469558006331061e-05 0.4470020709466817
0.5527857644671224 0.00012773174675240887 0.44708650378612524
0.5525777276927367 0.00048621734286569856 0.4469360549643974
0.5520471041121334 0.0014179912734926365 0.44653490461437384
0.552680975070307 0.0002780944343341985 0.44704093049535876
0.5518050503231472 0.0018486086223108214 0.44634634105454185
0.5520918830182644 0.0013473347322696585 0.44656078224946605
0.552768249986731 0.00012342630694580245 0.4471083237063232
0.5525215153368497 0.0005358271346916284 0.4469426575284587
0.5526466852249977 0.00026655701219311615 0.4470867577628091
0.5525215881884034 3.129668003528983e-05 0.44744711513156143
0.5519650986267288 0.00018244877979915815 0.44785245259347195
0.5549230779910356 0.0017106418254571874 0.4433662801835074
0.5519248641080919 0.0007378846258954033 0.4473372512660127
0.5269098455937615 0.001201716619660412 0.4718884377865779
0.5851621637983258 0.00023589270689308795 0.4146019434947812
0.5546916289514041 0.0003574140324240488 0.44495095701617177
0.5151791207822793 2.4840886449339167e-05 0.48479603833127133
0.5458021133165506 0.0007228991927133555 0.45347498749073606
0.5449645288777542 0.0014068884406217607 0.45362858268162415
0.5697697661156323 0.00116178207784756 0.42906845180652
0.47868818559688414 0.012400400290602267 0.5089114141125136
0.4961791530723531 0.027020722061660146 0.4768001248659868
0.652726694557714 0.008432362549034244 0.3388409428932518
0.09512912382326023 0.7483996288654571 0.15647124731128267
0.060438683302024336 0.7714289059413968 0.16813241075657892
0.03923803229893171 0.8820001418386494 0.07876182586241898
0.0015126289215327232 0.9909145953970633 0.0075727756814039735
0.0005568328045000106 0.9956934756357546 0.0037496915597452366
2.8306171382027063e-05 0.9999093882050516 6.23056235663001e-05
5.2917773002964515e-06 0.9999895679206772 5.140302022397867e-06
4.5559224065729314e-06 0.9999939564530808 1.4876245127237877e-06
1.0733802496249573e-05 0.9999865941336401 2.6720638635210177e-06
3.1979536617255393e-06 0.9999962483132522 5.537330860554107e-07
2.8057499169920483e-06 0.9999967485955793 4.456545035989145e-07
4.126075659258857e-06 0.9999952152468861 6.586774546053572e-07
3.1999046146501906e-06 0.9999961989999138 6.010954717300739e-07
3.2163387546024253e-06 0.999995938324373 8.453368723694337e-07
4.198476711125832e-06 0.9999928043434548 2.997179834006452e-06
5.061658270681873e-06 0.9999881581808816 6.7801608477447815e-06
1.1151965751720155e-05 0.9999386798901918 5.016814405660232e-05
0.00011595410646918306 0.9996723507402553 0.00021169515327567237
0.00033691640152013353 0.9984074378078183 0.0012556457906614886
0.0020620547163463965 0.9900921586814138 0.007845786602239706
0.017038430800324095 0.8973962690300111 0.0855653001696648
0.2960801034438164 0.29322912644506466 0.4106907701111191
0.40803827118749464 0.017684165303416592 0.5742775635090888
0.25637669077011227 0.1637864475490054 0.5798368616808824
0.503928270375466 0.009000296840968777 0.4870714327835653
0.5609127591209756 9.495295200985639e-05 0.4389922879270144
0.36528539643408237 0.0008225083811702383 0.6338920951847474
0.4222237614893916 0.00014396371652144197 0.5776322747940869
0.4448922862817236 3.1098619137973135e-05 0.5550766150991384
0.5055909735812719 9.710499261552257e-07 0.49440805536880184
0.5592441124635699 3.9625554641085234e-08 0.44075584791087546
0.41722346581737213 1.3948995380199898e-06 0.5827751392830899
0.4445751918718027 6.797092421106776e-08 0.5554247401572731
0.44511281457320634 3.2171024958939877e-06 0.5548839683242978
0.4488884843732863 1.0601609398869095e-06 0.5511104554657738
0.4472195321026164 3.2270582306846066e-06 0.5527772408391529
0.4473892966718312 4.186027961192043e-06 0.5526065173002076
0.4474164785636127 3.364584839901945e-06 0.5525801568515473
0.44746124617897803 1.1935690578012783e-07 0.5525386344641161
0.4474489379086685 6.618479292302178e-07 0.5525504002434022
0.44744886480806495 6.584248825354937e-07 0.5525504767670526
0.44744793336087796 2.858599011882609e-06 0.5525492080401101
0.4474502031551255 2.4500924587916855e-08 0.5525497723439498
0.4474495256959234 6.301951314050759e-09 0.5525504680021253
0.44744975059045833 1.8772245484463713e-08 0.5525502306372961
0.4474504585147258 1.5654484608081091e-09 0.5525495399198257
0.44745047098470675 5.924569710977806e-10 0.5525495284228363
0.4474499167591032 4.8365694566317235e-09 0.5525500784043273
0.4474497778960405 3.346584418609072e-08 0.5525501886381153
0.44744977926196944 3.309441670983325e-08 0.5525501876436139
0.44745047208855415 9.50360888996843e-10 0.552549526961085
0.4474496562218029 2.1544712145198837e-08 0.5525503222334849
0.4474498224005684 3.3948827973043104e-08 0.5525501436506036
0.4474498287341412 3.38205824419037e-08 0.5525501374452764
0.44744984341915645 1.9527610843957658e-08 0.5525501370532326
0.44744984095547896 1.9447463915248588e-08 0.5525501395970571
0.4474498508249964 1.1669690261767598e-09 0.5525501480080346
0.4474498476892991 9.745955383340176e-10 0.5525501513361053
0.44744981089229324 8.416610896745012e-08 0.5525501049415978
0.4474498476411576 1.1849067772483009e-09 0.5525501511739356
0.4474498445595071 9.123576213962825e-09 0.5525501463169167
0.4474498430105952 1.2200752543397013e-08 0.5525501447886524
0.44744984405929233 1.0538149219863231e-08 0.5525501454025583
0.4474498195472154 6.560908329322954e-08 0.5525501148437013
0.4474498462773514 9.680423586230186e-09 0.552550144042225
0.44744985720148933 3.1345413172014126e-09 0.5525501396639694
0.4474498554825699 1.1542923396823844e-10 0.5525501444020009
0.4474498716798633 1.1126887755299896e-10 0.5525501282088678
0.4474498591337442 3.140868363535458e-09 0.5525501377253874
0.4474498580792672 2.6895088970435264e-10 0.5525501416517818
0.44744986023062133 3.5387574860645544e-11 0.5525501397339911
0.4474498729693493 4.862005599860388e-13 0.5525501270301645
0.44744985830537143 5.2226870110190436e-14 0.5525501416945763
0.447449862796802 2.480077590527399e-13 0.5525501372029501
0.4474498586218308 4.383781273820709e-12 0.5525501413737854
0.4474498600339302 8.882537947383289e-14 0.5525501399659809
0.44744986144341115 2.890071826753985e-12 0.5525501385536987
0.447449861260777 5.823271502864392e-13 0.5525501387386407
0.44744986172495743 1.8437969166479768e-13 0.5525501382748581
0.4474498623228999 3.1024718196844607e-12 0.5525501376739975
0.4474498624570695 2.458431649337692e-11 0.5525501375183461
0.4474498612101995 2.4478032411187123e-10 0.5525501385450202
0.44744986119995706 4.1464705335776925e-10 0.5525501383853958
0.447449861334917 7.526851309294614e-10 0.5525501379123979
0.4474498615251615 1.0360185503620417e-09 0.5525501374388199
0.4474498622209301 1.5260879338112245e-09 0.552550136252982
0.44744986262846637 1.7566805131030973e-09 0.5525501356148531
0.4474498588667112 1.4815797757476956e-08 0.5525501263174911
0.4474498531842604 2.489872263825786e-08 0.552550121917017
0.4474498631156055 4.118348179588371e-09 0.5525501327660464
0.4474498626948769 5.342676444098862e-09 0.5525501319624466
0.44744986268806786 5.384462841249527e-09 0.5525501319274694
0.4474498641644905 5.62602610328804e-10 0.552550135272907
0.44744986436669343 5.1477125931385e-10 0.5525501351185353
0.44744983948972006 6.779336483113365e-08 0.5525500927169151
0.4474498368646177 7.191790974245538e-08 0.5525500912174726
0.44744986644723844 7.613320742224342e-09 0.5525501259394408
0.4474498468480155 5.1283623700918434e-08 0.5525501018683608
0.4474498708796853 3.784395301287296e-09 0.5525501253359194
0.44744986965335 9.119294348948255e-10 0.5525501294347205
0.4474498409576137 5.785700481331911e-08 0.5525501011853816
0.4474498962177175 1.6147952543636934e-08 0.5525500876343299
0.44745015759712775 3.7656734315275065e-08 0.552549804746138
0.4474509344992778 2.281545572747284e-09 0.5525490632191766
0.44744931173559804 4.0479609478021615e-08 0.5525506477847926
0.4474533221355574 1.2252508187281627e-09 0.5525466766391918
0.4474507987748618 5.074959785260807e-08 0.5525491504755402
0.4474530823550117 1.1603249537733141e-09 0.5525469164846634
0.4474489094346 9.626487193050246e-09 0.5525510809389128
0.447452088458092 1.1694186171146188e-09 0.5525479103724895
0.4474474116899206 4.6011702207807165e-09 0.5525525837089093
0.4474573740565706 1.5469273008098622e-07 0.5525424712506993
0.4474384212540505 2.7894288757204756e-05 0.5525336844571923
0.44745595597126947 4.64905613045644e-05 0.5524975534674259
0.4473976740966087 4.05812930213153e-05 0.55256174461037
0.44744066524110954 5.736978466956848e-06 0.5525535977804236
0.4474162883354825 7.751304039898197e-06 0.5525759603604776
0.4474791589508558 5.0440578159174166e-05 0.5524704004709851
0.44739082128739943 1.210456175079922e-06 0.5526079682564254
0.4474339148222129 3.5271428044572614e-05 0.5525308137497426
0.44732087305161095 9.656646218608675e-05 0.5525825604862029
0.4474658520594028 0.00011563865403675805 0.5524185092865604
0.4473914863381253 2.823813148007287e-06 0.5526056898487267
0.4475041516028159 0.00011864963247648616 0.5523771987647076
0.44745627315890196 0.000443822483452856 0.5520999043576452
0.44770309319478846 0.00019386724847748522 0.552103039556734
0.4468397968807373 0.0023925142425654535 0.5507676888766972
0.44753978824347007 0.00099638262755031 0.5514638291289796
0.4471972599995546 0.0018266795943755593 0.5509760604060698
0.44667397160173494 0.0030047002003862327 0.5503213281978787
0.44676427294447885 0.002800014375730165 0.5504357126797911
0.44745402332834416 0.0012712018260759167 0.5512747748455799
0.4477371442395013 0.0006410923613514586 0.5516217633991473
0.44773691305516466 0.0006425489864802622 0.5516205379583552
0.4474472192994099 0.0012905625492851608 0.5512622181513049
0.447199025304021 0.001849532532261248 0.5509514421637177
0.44745340638374925 0.0012811853235333334 0.5512654082927175
0.4480100105799624 6.884502325059411e-05 0.551921144396787
0.44756800336657704 0.0010434482769720184 0.5513885483564509
0.44758288045554845 0.0010116204481799877 0.5514054990962716
0.4465308071396661 0.003348451763366316 0.5501207410969677
0.4465079881364279 0.003406812443810674 0.5500851994197615
0.44783916165276433 0.0005414072111297424 0.5516194311361059
0.44763611907930617 0.0009980974235508108 0.551365783497143
0.44679310681399076 0.002941184629755529 0.5502657085562537
0.44812903020407246 0.00036111381709549227 0.5515098559788321
0.4483931964631196 1.0499520559718822e-05 0.5515963040163208
0.4495124604231571 2.920156637364144e-05 0.5504583380104692
0.4484107379355752 0.0002877574584985315 0.5513015046059263
0.4487813610787166 3.1314956124431383e-05 0.5511873239651589
0.4485585083548406 1.9788696788722076e-05 0.5514217029483707
0.44850702691504146 1.7179624249558457e-05 0.551475793460709
0.4487173337299356 2.7783565504102047e-05 0.5512548827045604
0.448719684338148 2.427974584875084e-05 0.5512560359160034
0.4486032769589213 2.3931927967367915e-06 0.551394329848282
0.44865565875378494 7.581217692795676e-08 0.5513442654340381
0.448710202571567 1.5407145604738294e-06 0.5512882567138726
0.44874867444930944 1.0076725990116826e-06 0.5512503178780915
0.4488261455704115 2.4137760039814644e-07 0.5511736130519881
0.4487801929256868 2.02625888985817e-06 0.5512177808154234
0.44873868744534073 3.8242782312302e-06 0.551257488276428
0.4487417054004007 3.4478798640502416e-07 0.5512579498116129
0.44873902844203734 6.9044740033761e-07 0.5512602811105624
0.4487413928628004 4.366784899879749e-08 0.5512585634693506
0.44874007708842956 1.8119167988200873e-08 0.5512599047924024
0.4487403311769884 8.74983126818549e-07 0.5512587938398849
0.4487406356487267 2.6830741141564063e-07 0.5512590960438619
0.44874079096506936 1.4923474821114166e-07 0.5512590598001824
0.4487408272012169 1.3648367234492422e-07 0.5512590363151108
0.4487405177073464 8.726190862583758e-07 0.5512586096735673
0.44874112766336655 1.4974638435814542e-08 0.5512588573619951
0.44874159481446485 1.5217701243195595e-08 0.5512583899678338
0.448740981470773 5.4277698041479946e-08 0.551258964251529
0.4487409118107538 3.774248639812335e-07 0.5512587107643822
0.44874099948290286 1.1192995489724494e-07 0.5512588885871422
0.44874099183752325 3.796675820358477e-07 0.5512586284948946
0.44874096347243225 3.15757245811989e-07 0.5512587207703219
0.44874115305767914 2.94731446449675e-08 0.5512588174691763
0.44874115785864677 2.581891372397993e-08 0.5512588163224396
0.44874115943416637 2.496064644317226e-08 0.5512588156051872
0.44874114143215327 5.880795385770111e-09 0.5512588526870514
0.44874100557790786 3.1605270308372416e-07 0.5512586783693891
0.44874114264469833 2.9443210586324572e-08 0.5512588279120911
0.44874100443612297 3.2022998608161375e-07 0.551258675333891
0.4487411249006804 3.8204882600891406e-08 0.551258836894437
0.4487411207201742 9.940420634535954e-08 0.5512587798756194
0.448741129156098 6.094926882392097e-08 0.5512588098946333
0.4487411211021578 9.582701231954064e-08 0.5512587830708298
0.4487410321613947 2.9034477799177506e-07 0.5512586774938273
0.4487411638119629 2.2369746331334268e-08 0.5512588138182908
0.4487411614503569 6.565018106869918e-09 0.5512588319846249
0.4487411087128975 1.3267037655683705e-07 0.551258758616726
0.4487410381444646 2.8576700935679246e-07 0.551258676088526
0.448741262488847 9.290920220610475e-09 0.5512587282202328
0.4487411481708358 1.1986930148895623e-07 0.5512587319598625
0.4487411959519312 1.506657437072897e-08 0.5512587889814944
0.448741199959412 2.8667540754498325e-08 0.5512587713730471
0.448741230420045 1.578030657537122e-09 0.5512587680019245
0.4487411966896144 1.942033807345151e-08 0.5512587838900476
0.4487413079912747 7.203406431020395e-10 0.5512586912883847
0.44874135796156633 9.888141864705625e-10 0.5512586410496194
0.44874210432906914 2.1679531437533726e-09 0.5512578935029778
0.4487861084856055 2.174672469979143e-09 0.551213889339722
0.4487843108799225 1.0418358729209918e-08 0.5512156787017188
0.4488073340305621 6.202340731694354e-08 0.5511926039460305
0.44894822802225354 1.444592017206092e-08 0.5510517575318262
0.4486188144624283 9.767126019026286e-08 0.5513810878663116
0.4490987760762421 7.710770550535675e-09 0.5509012162129874
0.44956958590996754 1.9936510511382158e-09 0.5504304120963813
0.4482276802745835 2.8261829860897056e-09 0.5517723168992336
0.4490884213145748 4.723373393216739e-07 0.5509111063480858
0.44962902256921417 3.6007627561133325e-06 0.5503673766680296
0.4478571148594841 0.0018960311275070282 0.550246854013009
0.4486783286115755 0.0018924566730532445 0.5494292147153712
0.45000353715394337 8.803754556547792e-05 0.5499084253004912
0.4462084987213416 0.009291526730510166 0.5444999745481482
0.4440438268541128 0.015041771235383462 0.5409144019105037
0.4429936220243317 0.018351473427452726 0.5386549045482155
0.4502778616997943 0.0025366292018295764 0.5471855090983762
0.4451080312806988 0.013718157930674837 0.5411738107886264
0.44457885100060923 0.015038626962012799 0.5403825220373779
0.45145681525086945 0.00032680842179437725 0.5482163763273362
0.4453380492037222 0.013868985027573616 0.5407929657687042
0.45117691405201 0.0014045573177062407 0.5474185286302836
0.44398505046340864 0.017407622964504554 0.5386073265720869
0.4473952780965492 0.009928689879538858 0.5426760320239119
0.44730790625472483 0.010123134225942187 0.542568959519333
0.4517404816763153 0.00031412811584573014 0.547945390207839
0.4473128997852347 0.010112275400129897 0.5425748248146355
0.44380722044627474 0.017870186871787222 0.538322592681938
0.4440354578483811 0.01736536070445544 0.5385991814471635
0.44883765055143743 0.006738380123693854 0.5444239693248687
0.4440498460984869 0.017335492394399736 0.5386146615071133
0.4479592413525617 0.008741685824961203 0.5432990728224771
0.44926874809669476 0.006008980772177716 0.5447222711311276
0.4523866010344817 0.00031480789443170314 0.5472985910710866
0.4507548139627226 0.00420414320632272 0.5450410428309546
0.44700697098757936 0.012834346310022145 0.5401586827023985
0.4542339340916821 0.0011017607842620243 0.544664305124056
0.45221751865075677 0.0042425504997485085 0.5435399308494947
0.45412536607245946 7.931492733699129e-06 0.545866702434807
0.4561039528595926 3.2704835854345914e-06 0.543892776656822
0.4607236815480706 8.420064896236169e-07 0.5392754764454398
0.4591564376752509 3.794598799479756e-08 0.5408435243787612
0.4605346516133419 4.0396488125230925e-07 0.5394649444217768
0.45506064626384723 7.855287588422017e-06 0.5449314984485644
0.4560587205897596 3.8311352739612486e-06 0.5439374482749664
0.455673452384892 1.57812439540639e-05 0.5443107663711539
0.4553132940864614 4.6020491670591215e-06 0.5446821038643715
0.45550053238913235 1.1469720775421502e-05 0.5444879978900924
0.45568052993215097 3.1230408336717417e-07 0.5443191577637657
0.4556964542421581 1.327968664808125e-05 0.5442902660711939
0.45570167980301146 1.3263999167651328e-05 0.5442850561978209
0.4557044400319962 7.680549493340453e-06 0.5442878794185104
0.45570699812676296 2.708380541222804e-07 0.5442927310351829
0.4557071347360221 1.6979469095047727e-06 0.5442911673170684
0.45570703888591246 2.9819783272618684e-07 0.5442926629162548
0.4556989021980455 2.018378858799524e-05 0.5442809140133665
0.455698034990739 2.5143056225219596e-05 0.5442768219530358
0.4556941562816475 3.5505552004844517e-05 0.5442703381663476
0.4556916185071032 4.1050958826376296e-05 0.5442673305340704
0.45569795695442716 2.7899954364874456e-05 0.5442741430912079
0.45571182572893376 5.285695693885708e-07 0.5442876457014969
0.4557117513829948 4.6644459811506137e-07 0.544287782172407
0.45571072985004063 2.4765661863268023e-06 0.5442867935837731
0.45571020251032196 6.612421466452353e-06 0.5442831850682116
0.45571059750945153 4.15336542478558e-06 0.5442852491251237
0.4557086170585686 8.219888789039532e-06 0.5442831630526423
0.4557028552715992 2.1260943894053524e-05 0.5442758837845068
0.4557128005356325 3.370905578402349e-07 0.5442868623738096
0.4557112891454598 3.7347360205922503e-06 0.5442849761185197
0.45571357536649476 7.568624270850586e-07 0.5442856677710781
0.45571142232767115 5.336440287731979e-06 0.5442832412320411
0.4557127972464851 9.273934871623709e-06 0.5442779288186432
0.45571677392216886 1.4997745356811091e-05 0.5442682283324743
0.4557236063864197 3.6861369027342683e-06 0.5442727074766776
0.4556886282829148 1.9629231610486633e-05 0.5442917424854747
0.45576211222740864 4.005405812227435e-06 0.5442338823667792
0.4556836911422678 2.0963349494363637e-07 0.5443160992242372
0.45560757857497386 5.775772349312631e-06 0.5443866456526769
0.45537148061084215 2.057747478189612e-06 0.5446264616416796
0.45562220305233286 2.0752232153445812e-07 0.5443775894253456
0.45566416122113973 1.1513432866190474e-07 0.5443357236445315
0.4555729209021816 0.00017242342401511889 0.5442546556738033
0.45571009553101666 0.00020833326557607553 0.5440815712034073
0.4558493290718313 1.5818160250832647e-05 0.5441348527679178
0.45580602730784764 0.00014333343482893953 0.5440506392573234
0.455732403497788 0.00033582087115907876 0.543931775631053
0.45586402259707526 0.00010711730202486734 0.5440288601008999
0.4555911385921375 0.000885322803201745 0.5435235386046607
0.45505827863561316 0.0020528544222763907 0.5428888669421105
0.4553113350448089 0.0014934405688630259 0.543195224386328
0.4557710833484823 0.0005140280099679075 0.5437148886415498
0.45575981424510964 0.000546151605140165 0.5436940341497501
0.4549127416320118 0.002411242390829033 0.5426760159771592
0.45595849658606363 0.00011850062724618234 0.5439230027866903
