inside membrane outside
0.008431808416406842 0.0 0.9915681915835932
0.0077273552045393325 1.5241568168343037e-13 0.9922726447953082
0.009026948753199093 1.2983783628155516e-14 0.9909730512467879
0.01344268715329955 8.75915664723406e-14 0.9865573128466129
0.011191399448835194 2.8161643666811226e-12 0.9888086005483486
0.0112021678596414 7.119885291334846e-12 0.9887978321332388
0.014385256259841892 1.1876263862894842e-12 0.9856147437389705
0.007547723940248462 2.3566903365916512e-11 0.9924522760361846
0.008787402077250834 1.3076674109624084e-11 0.9912125979096725
0.007547723940212171 2.8048271118963416e-11 0.9924522760317396
0.008544588550690901 2.1505556077370896e-11 0.9914554114278036
0.008544588403290478 4.252695046187961e-12 0.9914554115924568
0.008544590148309801 7.247522344195235e-12 0.9914554098444427
0.00854457650822945 3.554114489844828e-13 0.9914554234914151
0.008545193181458672 1.952225404659119e-12 0.9914548068165892
0.008544529109844802 5.898441636262509e-12 0.9914554708842567
0.008545672414547274 7.06090552397568e-13 0.9914543275847467
0.008540533333244421 2.232289240774326e-12 0.9914594666645232
0.008563779371983311 5.472244576279293e-13 0.9914362206274695
0.008565001991672145 1.6859642124096873e-12 0.9914349980066418
0.00854190605894323 3.77330783741842e-10 0.9914580935637259
0.008567995037624883 1.1075692876995432e-10 0.9914320048516183
0.008547361274893498 1.1925085113515147e-09 0.9914526375325979
0.008533614986389515 3.349269939099818e-09 0.9914663816643404
0.00854070746086804 3.698187271446758e-07 0.9914589227204048
0.00858761895389105 1.4004781911283936e-07 0.9914122409982898
0.008589174579727812 1.1902102179374302e-07 0.9914107063992504
0.00853151736565086 1.04903630660769e-05 0.9914579922712831
0.008518802733783769 1.703446816046491e-05 0.9914641627980558
0.008503036762260423 4.891836741194696e-06 0.9914920714009985
0.008508565331533598 5.9139528952866416e-05 0.9914322951395136
0.008506635410662159 6.250798330142778e-05 0.9914308566060365
0.008582602893800584 2.1359718378219156e-06 0.9914152611343615
0.008526915868368585 2.0801723436039047e-05 0.9914522824081954
0.008487493601928084 3.0053599749613388e-05 0.9914824527983223
0.008588597626799387 2.157260995558814e-06 0.9914092451122051
0.008471405317795663 0.00013533585560797723 0.9913932588265963
0.008467815532367485 5.9131938130297194e-05 0.9914730525295021
0.008477931348660196 0.00020742814159852054 0.9913146405097413
0.00841843206332961 3.764994155096578e-06 0.9915778029425152
0.00843545393687573 0.0001940568755443048 0.99137048918758
0.008480576719545482 5.934274254853131e-05 0.991460080537906
0.008389534736989493 2.686505916948038e-05 0.9915836002038411
0.008461472728762827 7.344998076252876e-05 0.9914650772904746
0.008400935324214634 5.8620995785470545e-05 0.9915404436799999
0.008547241871387019 7.846228549918404e-06 0.991444911900063
0.00839828904983048 0.00046322283495417823 0.9911384881152153
0.008333678899086533 0.0002648411478365085 0.991401479953077
0.008326005107526686 0.0007477205455260645 0.9909262743469472
0.00832186009360275 0.0006977066437366088 0.9909804332626606
0.00831833644836952 0.00010680879675648324 0.9915748547548741
0.008313003431295759 1.1137660316661853e-05 0.9916758589083875
0.008317595255730828 0.00016612741591233622 0.9915162773283569
0.008294290089050466 0.0005656084348985255 0.9911401014760509
0.0082950985625872 0.0002354773760453539 0.9914694240613675
0.008289001680024848 0.0007711045948689525 0.9909398937251062
0.008293381294169627 0.00020768445062822316 0.9914989342552022
0.008293678614595911 0.00018076788971757584 0.9915255534956865
0.008293264813329329 0.00020128964613218706 0.9915054455405385
0.00828905249870151 0.0007042096617713484 0.9910067378395271
0.00829362634525303 0.00016706125345965363 0.9915393124012873
0.008291701820813438 0.0004146891258375637 0.9912936090533491
0.008298696679260803 6.974716473809562e-06 0.9916943286042653
0.00829921676738588 6.4069431909935466e-06 0.9916943762894231
0.008295473162632412 0.00013099156191643475 0.9915735352754511
0.008294977902970168 4.890640571301181e-05 0.9916561156913167
0.008292654137514234 0.00040868616080126587 0.9912986597016845
0.008296088601501992 8.784518673433063e-06 0.9916951268798246
0.008295028293034572 0.0001655995414015458 0.9915393721655639
0.008293327089513736 0.000333421889208652 0.9913732510212776
0.008296032195292099 8.4773619796696e-06 0.9916954904427282
0.0082945466525202 0.00010257758437056061 0.9916028757631092
0.008294708265561852 8.15105354368647e-05 0.9916237811990013
0.008295585538721917 4.028691610328619e-06 0.9917003857696678
0.008294725886571576 3.686639447675073e-05 0.9916684077189517
0.0082953640384992 4.570399329777472e-06 0.991700065562171
0.008295508017709402 3.066704890581041e-06 0.9917014252774
0.00829550644895439 3.050228412215141e-07 0.9917041885282044
0.008294952798116212 1.9936494377559718e-06 0.991703053552446
0.008295591262068865 3.473853951270267e-08 0.9917043739993916
0.008295370388049242 2.947726261470996e-07 0.9917043348393246
0.008295087139148224 3.414184587664049e-08 0.9917048787190059
0.008295530085648952 4.859364936767129e-07 0.9917039839778574
0.008295648296233716 4.7308001624715464e-07 0.99170387862375
0.008295184670631799 2.2267968157272036e-07 0.9917045926496867
0.008298712686794182 7.779413973157691e-08 0.9917012095190662
0.00829875503330316 9.56084893176815e-07 0.9917002888818036
0.008292995567052142 1.558004117450686e-07 0.9917068486325361
0.008294497022873609 3.603866578412962e-07 0.9917051425904685
0.008296652375426752 8.735377555264171e-09 0.9917033388891957
0.008291732097858294 1.8556179464804918e-08 0.9917082493459622
0.008296357563261381 3.0094769925097107e-06 0.9917006329597461
0.008459970622639718 1.173118144124514e-07 0.9915399120655458
0.008248849333249889 5.858722675162289e-06 0.991745291944075
0.00826704765747623 8.416623236613169e-07 0.9917321106802001
0.00880369612137496 6.615088139793332e-07 0.9911956423698111
0.008197532469625818 2.6159823189344155e-05 0.9917763077071847
0.008114337448059688 2.4297871746149204e-06 0.9918832327647658
0.008334035741146904 6.150302890749395e-06 0.9916598139559624
0.008113413002805797 2.9095348222779417e-06 0.9918836774623719
0.008776570852355352 3.7177092000373994e-06 0.9912197114384447
0.008077994152875918 2.0680956698120063e-05 0.9919013248904259
0.00804703566682512 0.00016996724911679876 0.9917829970840581
0.00812390905903987 2.4839750160356814e-05 0.9918512511907998
0.007930764204960411 0.0008906179111696119 0.99117861788387
0.00789878811378432 0.0010947265170963441 0.9910064853691193
0.007903427940119832 0.0003602803504316542 0.9917362917094485
0.007896499570853897 0.0010826679560613918 0.9910208324730847
0.007896962554035271 0.001015608917391741 0.991087428528573
0.007901783944278543 0.00040474393225838827 0.991693472123463
0.007902240192347296 0.00034677641896444715 0.9917509833886882
0.007904322316140506 8.313754573277582e-05 0.9920125401381267
0.007901732877769846 0.0004105092523805571 0.9916877578698495
0.00789304581104565 0.001509168124093869 0.9905977860648605
0.007901750665749356 0.00040597049835924576 0.9916922788358914
0.007904844463307107 2.027980339896436e-05 0.992074875733294
0.007903401313113782 0.0001994729323333455 0.9918971257545528
0.007902335273037025 0.0003393017348669361 0.9917583629920961
0.007900453492181063 0.0005774731703968742 0.991522073337422
0.007897648406588477 0.0009272501750552 0.9911751014183563
0.007906551900796189 1.5904160898484805e-05 0.9920775439383054
0.007896529883040829 0.001165218959213436 0.9909382511577458
0.00789901505480367 0.0007982439289566756 0.9913027410162397
0.007903202751332671 0.0004595480773479472 0.9916372491713193
0.007909887928894145 0.00013394242733498954 0.9919561696437709
0.007938355723274414 3.388529564010257e-07 0.9920613054237692
0.007923876409465553 1.802906152202328e-06 0.9920743206843823
0.007938517790112664 2.6165574299808957e-09 0.9920614795933299
0.00791291652819968 2.1164128300044508e-09 0.9920870813553876
0.00792393488156441 5.42205321873228e-10 0.9920760645762302
0.007916013649171966 2.8497468486095555e-09 0.9920839835010812
0.007915717288614774 4.2028457012076093e-10 0.9920842822911007
0.007944696613876916 7.485795428488376e-11 0.9920553033112651
0.007927100770555874 7.726329933530937e-10 0.992072898456811
0.007919843097777022 1.1086534099956038e-11 0.9920801568911364
0.007921349842352111 8.854300943347718e-12 0.9920786501487936
0.007921361706050241 5.857980981192763e-11 0.9920786382353699
0.007921363490582787 6.173393760842243e-11 0.9920786364476833
0.007921363794600938 9.690419083884319e-12 0.9920786361957086
0.007921363562039261 1.431827125170786e-09 0.9920786350061336
0.007921363244256774 4.224960849535161e-11 0.9920786367134936
0.007921362866902933 3.0182149253406015e-09 0.9920786341148821
0.007921362892629997 4.179321757895122e-09 0.9920786329280483
0.007921362422491732 3.767016086409504e-09 0.9920786338104922
0.007921366144795166 1.0767872139150886e-10 0.9920786337475261
0.007921362595701757 4.167262101292074e-10 0.9920786369875719
0.007921362927248059 4.685850632465741e-09 0.9920786323869014
0.007921367998007982 6.039887623005859e-11 0.9920786319415932
0.00792136160649614 1.3788626210618526e-09 0.9920786370146413
0.007921361924393546 7.066662355525278e-10 0.9920786373689402
0.00792136115424765 7.928785085712737e-11 0.9920786387664644
0.007921361385152478 5.190492938866421e-09 0.9920786334243547
0.007921362506972436 3.5226063128713046e-10 0.9920786371407669
0.007921361529834007 1.1964901956786074e-09 0.9920786372736757
0.007921360685625772 1.1945928704617895e-08 0.9920786273684455
0.007921359015247313 1.8541105772011458e-08 0.992078622443647
0.00792135958921823 3.0859192989882326e-09 0.9920786373248625
0.007921363113831058 3.7805966312147044e-10 0.9920786365081092
0.007921357925072635 1.1046401161598602e-08 0.9920786310285262
0.007921357833491108 1.1057294597837615e-08 0.9920786311092142
0.007921357170490067 2.0660227760133606e-10 0.9920786426229077
0.007921357898347026 1.7451218659993984e-10 0.9920786419271407
0.007921357747023364 1.8121466491092995e-10 0.9920786420717619
0.007921355408098277 2.4526260532598952e-08 0.9920786200656412
0.007921357748432263 5.543421298520416e-10 0.9920786416972257
0.00792135458536384 1.0600343331807271e-08 0.9920786348142928
0.007921354348095691 2.737490753043746e-08 0.9920786182769967
0.007921354341696168 2.7150647928521894e-08 0.9920786185076559
0.007921357343207307 4.364828993064439e-10 0.9920786422203097
0.00792135317230899 2.7576052700709553e-09 0.9920786440700857
0.007921354906227673 1.4301621774198774e-09 0.9920786436636102
0.00792135536018206 1.3948952314623706e-08 0.9920786306908657
0.007921353625004877 1.7831150529180526e-08 0.9920786285438445
0.007921353627350813 2.9604660355420497e-10 0.9920786460766026
0.00792135313962384 1.7658096434189951e-09 0.9920786450945666
0.00792135226171778 2.377825953264458e-08 0.9920786239600227
0.007921351915098929 2.4312967709235157e-09 0.9920786456536044
0.007921353297905928 1.3520226686040719e-09 0.9920786453500714
0.007921351519824744 9.999378004483912e-09 0.9920786384807972
0.007921351326802847 1.80999927914481e-08 0.9920786305732044
0.007921351351749803 1.653390267117883e-08 0.9920786321143475
0.007921351634883273 2.1443180281062694e-10 0.9920786481506849
0.007921351490828519 1.6425291785372473e-09 0.9920786468666423
0.00792135163183032 1.6883339403771107e-10 0.9920786481993363
0.007921351434671053 8.006229712053498e-09 0.9920786405590992
0.007921351650689547 1.6218655189700667e-10 0.9920786481871239
0.00792135150460044 6.171810321197067e-10 0.9920786478782185
0.007921351413306472 7.566691352613056e-09 0.9920786410200022
0.007921351427654561 2.0358022051745222e-10 0.9920786483687652
0.007921351138318317 2.925917632101438e-09 0.9920786459357641
0.007921351267588474 1.0144062306208846e-08 0.9920786385883492
0.007921338878011368 6.44626858009861e-09 0.99207865467572
0.007921360720958327 6.606461586716289e-10 0.9920786386183955
0.007921336761074193 2.508356146285726e-09 0.9920786607305696
0.007921563816844114 3.237060712020501e-11 0.9920784361507853
0.007921296488547735 1.713447985125779e-09 0.9920787017980043
0.007921255739811018 1.6358149040179342e-11 0.9920787442438309
0.007921700204966214 2.7075787078512823e-11 0.992078299767958
0.007921592794304093 1.4993321636470015e-11 0.9920784071907026
0.00792129104373912 8.479615611771995e-11 0.9920787088714648
0.007921363743041837 2.43535824018187e-09 0.9920786338215999
0.007921270501295116 1.4046945085039726e-07 0.992078589029254
0.007921225246998842 2.7272904258391984e-09 0.9920787720257107
0.007921184614827766 5.201118889009292e-07 0.9920782952732833
0.007921114300733964 6.854866612045298e-07 0.9920782002126048
0.007921101959194576 6.515172916234687e-07 0.9920782465235137
0.00792111661651653 9.973002473480286e-08 0.9920787836534587
0.007921082275365938 8.439938685132169e-07 0.9920780737307655
0.00792105028335157 6.961997017141238e-07 0.9920782535169468
0.007921002537652619 1.3526079721695467e-08 0.9920789839362676
0.007921023592781705 6.878716162664647e-07 0.992078288535602
0.007921544610276405 1.5971533786872262e-08 0.9920784394181897
0.007920968135397726 2.69920382647234e-07 0.9920787619442196
0.007920996611378057 6.812181330719011e-07 0.9920783221704889
0.007920959499877357 6.953566089060738e-07 0.9920783451435138
0.007920939740480292 1.4729704052918225e-08 0.9920790455298156
0.007922615801834188 2.6899152808020817e-08 0.992077357299013
0.007920804946124979 1.73358900568495e-08 0.9920791777179849
0.007920693854985764 8.99758016280105e-07 0.992078406386998
0.007920765809712226 5.966737583714856e-07 0.9920786375165294
0.007920987561535002 1.5938268718664468e-07 0.9920788530557778
0.007920434484486504 1.2292662329951565e-06 0.9920783362492805
0.007920435656300556 2.500863851497092e-07 0.9920793142573142
0.007920310717314543 4.397474715850422e-07 0.9920792495352139
0.00792022232910722 5.40075782350773e-07 0.9920792375951104
0.007920046476548983 4.129528788115678e-08 0.9920799122281632
0.007919793791900736 3.3006221011919074e-06 0.992076905585998
0.00791992756617774 1.499561091887526e-07 0.9920799224777131
0.007920206332722123 2.701216172999395e-07 0.9920795235456606
0.007919428893978996 6.3661856205388045e-06 0.9920742049204004
0.007919439884002066 2.3433533663172434e-06 0.9920782167626316
0.00791941574853682 4.701712148698914e-06 0.9920758825393146
0.007919438969675459 1.7451426866804856e-06 0.9920788158876379
0.00791943476452717 3.494446687204794e-06 0.9920770707887856
0.007919443749270285 1.5289762556371168e-06 0.9920790272744742
0.007919437905163893 2.072912094689858e-06 0.9920784891827414
0.007919418253088324 4.438621127127618e-06 0.9920761431257846
0.007919455501554373 2.1649969817239392e-07 0.9920803279987475
0.00791945250416074 9.43181602125593e-08 0.992080453177679
0.007919435535266193 2.4487383988164683e-06 0.992078115726335
0.00791945309951754 3.9396554204174486e-07 0.9920801529349405
0.007919425878898777 3.5615501471268263e-06 0.992077012570954
0.007919433868924068 3.165627751749935e-06 0.9920774005033242
0.007919445998661234 3.0616688837722426e-06 0.992077492332455
0.00791943340388447 3.730281754589186e-06 0.9920768363143609
0.007919531340242057 3.36261357330521e-08 0.9920804350336221
0.007919506194758019 2.3207266593177368e-08 0.9920804705979753
0.00791920054858192 9.224433065183388e-08 0.9920807072070874
0.007919350303607194 1.072732614963064e-07 0.9920805424231313
0.007919087256677618 7.753745712783803e-08 0.9920808352058653
0.007922258233006518 3.464825597933775e-07 0.9920773952844337
0.007917233444954968 2.854473504202838e-07 0.9920824811076946
0.007914764291156132 5.696409882942614e-10 0.9920852351392029
0.007913819365222445 1.5351601713271353e-08 0.9920861652831758
0.007948594859245385 3.829691502836558e-10 0.9920514047577855
0.007923951027668921 5.222741697479346e-09 0.9920760437495894
0.007975754838247927 1.4332634828528638e-08 0.9920242308291173
0.00790920967988318 4.185378591994067e-06 0.9920866049415249
0.00797409354684098 4.4054479368611196e-07 0.9920254659083653
0.007914438611181069 6.786428568702215e-06 0.9920787749602503
0.007909396611384963 1.538454908181451e-05 0.9920752188395333
0.007896561791305982 1.055544521836219e-06 0.9921023826641722
0.007897483234164384 8.222359114430785e-05 0.9920202931746913
0.007891540714784056 0.0001001544147746541 0.9920083048704413
0.00790689593125234 8.397593737567259e-06 0.99208470647501
0.007878462631342885 2.4773945894203755e-05 0.9920967634227629
0.007875594990018121 0.00013488018975669328 0.9919895248202252
0.00787550531668391 0.00013367653633907225 0.9919908181469771
0.00787680752419578 1.2279538281273201e-05 0.992110912937523
0.007872756294657897 1.4858659812912808e-05 0.9921123850455292
0.007906959935971599 4.2563055409135314e-05 0.9920504770086194
0.007819467951411781 6.205031985667572e-05 0.9921184817287316
0.008238800294361054 7.743610589006127e-05 0.9916837635997489
0.00762945795987652 0.00012966046787524514 0.9922408815722482
0.007860959091768252 0.00019264285574398823 0.9919463980524879
0.007627588450362791 5.785121929470163e-05 0.9923145603303425
0.007320727592036404 0.00013170406439080262 0.9925475683435728
0.006768037580166462 2.798803820240564e-06 0.9932291636160132
0.0076623660857216315 1.632351169398779e-05 0.9923213104025843
0.00696404667085911 3.3080909595328126e-06 0.9930326452381814
0.006554836225991471 0.0007391379351034484 0.992706025838905
0.006339913242446773 0.0003080436786885833 0.9933520430788646
0.005950112046620684 0.002666344209099374 0.99138354374428
0.00575447496550169 0.003347256464666152 0.9908982685698322
0.005770666964735681 4.27949694963702e-05 0.994186538065768
0.006696868363605313 0.006023206212896356 0.9872799254234984
0.004623752028777435 0.007474881840252997 0.9879013661309696
0.004555531409391632 0.0015531062972633158 0.9938913622933451
0.0044785001970390455 0.00011542958163124681 0.9954060702213297
0.003826849375412707 0.015121019680447201 0.9810521309441401
0.0028287115773848975 0.012798314394727757 0.9843729740278874
0.002740209645794192 0.005450565316764441 0.9918092250374413
0.002580940322767849 0.0182742216420353 0.9791448380351969
0.0025708496256724397 0.018383792426457365 0.9790453579478702
0.0025948414984021703 0.008988855019137374 0.9884163034824605
0.002597252972694343 0.005532015748720983 0.9918707312785847
0.0025750424098593162 0.013856351651638144 0.9835686059385026
0.0026057559092567107 0.001693195245427778 0.9957010488453154
0.0026029790069446177 0.0027710877904937995 0.9946259332025617
0.0025733715582963936 0.013573169392629383 0.9838534590490743
0.002586743012475091 0.008532896317950501 0.9888803606695744
0.0025953721236490475 0.005368856073939069 0.9920357718024119
0.0025772080238563757 0.012810222117807487 0.9846125698583361
0.002588963970004314 0.011795494073206616 0.985615541956789
0.0026630227774023852 0.003982190708776002 0.9933547865138217
0.002655410305645865 0.009401023135662044 0.9879435665586921
0.002678520485756131 0.0015917496331817973 0.9957297298810621
0.002730296752684607 0.0016334455241450523 0.9956362577231702
0.002770989687704132 0.0010355661661063473 0.9961934441461895
0.0027850397290800797 0.0030913519802300772 0.9941236082906899
0.0032924180301068303 5.556018440697275e-05 0.9966520217854862
0.002783854734101853 1.4855522221811832e-05 0.9972012897436764
0.0028093982125289127 0.00010497754504658966 0.9970856242424245
0.0029014001739364782 0.0002204834926342375 0.9968781163334294
0.0029385365002101813 6.761332284464386e-06 0.9970547021675054
0.002906035155032436 4.1534262506264887e-05 0.9970524305824614
0.002905256084986316 4.0050056859741556e-05 0.9970546938581539
0.0028724165596190412 2.2733533487738592e-05 0.9971048499068932
0.0028926535088913082 3.0470297820249246e-07 0.9971070417881305
0.0028904424288484897 2.6523586349795016e-06 0.9971069052125165
0.002912021094713706 1.1145676426383505e-06 0.9970868643376437
0.0029130221513517423 5.72367589646708e-06 0.9970812541727518
0.0029094995921736095 1.1222385138035354e-07 0.997090388183975
0.0029143211067328275 9.216463250196441e-08 0.9970855867286347
0.002911448712397216 2.5423556260467645e-09 0.9970885487452471
0.0029138150464866654 6.504589215561198e-09 0.9970861784489241
0.0029177196513580582 5.346550665207025e-08 0.9970822268831353
0.002917571175027243 3.188912132352715e-09 0.9970824256360606
0.002913406369470241 5.2586713132613375e-08 0.9970865410438166
0.002913866211286919 1.267709606855482e-09 0.9970861325210034
0.002913439872066063 3.138915906779589e-09 0.997086556989018
0.0029133243768298548 7.243604451260936e-11 0.9970866755507342
0.002913398153604634 2.9011581142642403e-10 0.9970866015562795
0.0029134010417100186 1.8144574048548665e-09 0.9970865971438326
0.0029134042200725284 9.226067809380439e-11 0.9970865956876668
0.0029134029665240395 5.138933284975018e-09 0.9970865918945427
0.002913406129082968 1.24692426306849e-10 0.9970865937462247
0.0029134020994031635 4.6616239201603535e-09 0.9970865932389729
0.002913402522984668 2.467386359134694e-09 0.997086595009629
0.0029134025307260185 8.601216252518342e-11 0.9970865973832618
0.0029134026215189394 2.8046383987778756e-09 0.9970865945738426
0.002913402624474714 2.8300457102351235e-09 0.9970865945454795
0.002913402619693092 1.119203184722159e-10 0.9970865972683866
0.0029134026107749847 1.9808983383478863e-09 0.9970865954083267
0.0029134026037566704 5.073333447962562e-09 0.9970865923229099
0.0029134026209495486 1.0554234999436911e-10 0.997086597273508
0.0029134026126490633 4.8833134855532026e-09 0.9970865925040374
0.0029134026426572883 8.195717016688271e-11 0.9970865972753856
0.002913402709787795 8.949798545833184e-11 0.9970865972007142
0.0029134026406705082 8.544480956202565e-10 0.9970865965048814
0.002913402657183591 4.148513548054394e-10 0.997086596927965
0.0029134026356611884 2.3646199481910743e-09 0.9970865949997189
0.002913402587165854 4.170094833754594e-09 0.9970865932427393
0.0029134025893976416 7.837623670791627e-10 0.9970865966268401
0.0029134050360283435 3.667671677635314e-09 0.9970865912963
0.0029133994750569973 4.5756645579624006e-10 0.9970866000673766
0.0029134043056476956 8.122965248099995e-10 0.9970865948820559
0.0029134173802724877 1.8424351719371783e-09 0.9970865807772923
0.002913396835905311 4.684336839662672e-12 0.9970866031594103
0.0029134191298590467 1.3953966907781612e-12 0.9970865808687455
0.0029134057172012714 6.00911794726576e-11 0.9970865942227076
0.0029134056732663663 8.265470071609762e-11 0.997086594244079
0.0029133953638421774 6.979450460651561e-10 0.9970866039382127
0.0029133925190537985 7.339442886180333e-11 0.9970866074075517
0.0029133976116376237 2.954422751496698e-08 0.9970865728441348
0.0029133921839658546 3.647242801362219e-09 0.9970866041687914
0.002913486744726027 1.9097335455519453e-08 0.9970864941579385
0.002913481424122028 1.249089677874433e-09 0.9970865173267882
0.0029133162981557067 4.76674181139356e-08 0.9970866360344262
0.0029132461300445654 1.4438858329385106e-09 0.9970867524260696
0.0029133048766724155 1.5003692487192683e-08 0.9970866801196351
0.0029132678456878862 3.598719023681842e-08 0.9970866961671219
0.0029132966891841326 2.1519336285283587e-09 0.9970867011588823
0.0029133646964231924 2.581357642527745e-07 0.9970863771678126
0.00291340060119418 6.387482277029564e-08 0.9970865355239831
0.0029133865743071917 3.137256859793669e-08 0.9970865820531242
0.0029132433375447502 8.573240135151239e-08 0.9970866709300539
0.002913172045101611 1.4298611317383764e-08 0.997086813656287
0.0029130424965001594 2.9833059262968914e-06 0.9970839741975736
0.0029130198516798865 2.430973530812499e-06 0.9970845491747894
0.002913011975190883 2.335427437286516e-06 0.9970846525973719
0.0029131339336768832 2.1985314747097033e-06 0.9970846675348484
0.002913141719223876 2.2352492551033578e-06 0.997084623031521
0.002912972232521262 1.111251632857797e-06 0.9970859165158459
0.002912966234758056 5.9349950262469685e-08 0.9970869744152917
0.0029130094348893106 2.4348297453749163e-07 0.9970867470821362
0.002912963525399335 1.1361453137732616e-06 0.9970859003292869
0.0029130050417078036 9.563656747725212e-07 0.9970860385926175
0.0029129650771954436 1.134274046673016e-06 0.9970859006487579
0.002913098880646477 5.837914005039726e-08 0.9970868427402135
0.0029129921357715985 9.559886071230712e-07 0.9970860518756214
0.0029129501763949955 9.756467899375929e-07 0.9970860741768152
0.0029129166882902683 3.981095059618642e-06 0.9970831022166502
0.002912926491050874 1.3534604549483374e-06 0.9970857200484942
0.002912971320912232 6.978691597938519e-08 0.9970869588921718
0.0029129206161605335 3.037568694331636e-06 0.9970840418151451
0.002912924331725646 3.007678181419634e-06 0.9970840679900929
0.0029129519139565485 1.4768287400987234e-06 0.9970855712573033
0.0029129670449358157 9.873748008366658e-07 0.9970860455802634
0.002913052526864383 1.3017798221950237e-06 0.9970856456933134
0.0029130861921536104 2.9427182910294994e-06 0.9970839710895554
0.0029142798545609403 8.541943705417715e-09 0.9970857116034954
0.0029133154202917785 4.1789153301621905e-08 0.9970866427905549
0.0029134827316698725 6.03291284225886e-09 0.9970865112354172
0.0029137240340612117 2.954456158739168e-08 0.9970862464213772
0.0029134230482865267 1.1372449696678709e-07 0.9970864632272165
0.002913481236541292 2.8349638593983497e-07 0.9970862352670727
0.002913727153674335 2.6165174407589064e-08 0.9970862466811512
0.0029136447239773607 3.213181738567136e-07 0.9970860339578489
0.0029133903901867454 2.312442784792804e-08 0.9970865864853854
0.002914188272405934 2.0117625127050596e-09 0.9970858097158315
0.0029136508203567056 7.645878771901965e-08 0.9970862727208556
0.0029136640162819873 1.0102038015231994e-08 0.99708632588168
0.0029136558921545558 6.113546497495693e-08 0.9970862829723804
0.0029136593070536124 9.723627517894521e-09 0.9970863309693189
0.0029137188618036424 1.773401727008384e-08 0.997086263404179
0.0029137087545622465 4.0508251097866936e-10 0.9970862908403552
0.002913657973562457 2.996931722199967e-09 0.9970863390295058
0.0029136768533804106 1.872485216671638e-09 0.9970863212741344
0.0029136934061598273 8.284641446121291e-10 0.997086305765376
0.002913668684236813 5.785844097957115e-08 0.9970862734573221
0.0029136672012743565 2.4922798515326566e-08 0.9970863078759272
0.002913659309050012 5.940159512922711e-09 0.9970863347507904
0.0029136878787974735 1.1462039673159823e-09 0.9970863109749986
0.0029136671031851184 1.0232999446357111e-07 0.9970862305668204
0.002913663143255559 1.2168149060084411e-08 0.9970863246885954
0.0029136631837556014 4.00077396677932e-08 0.9970862968085047
0.0029136649159373293 3.5967701636937207e-08 0.9970862991163609
0.0029136627800025205 1.0515532896855597e-07 0.9970862320646685
0.0029136694168749705 6.335569585528027e-09 0.9970863242475555
0.002913664362097252 7.530188418836589e-09 0.9970863281077144
0.0029136613569959143 1.2107111548202422e-07 0.9970862175718886
0.0029136616917549143 1.6109254937806006e-07 0.9970861772156957
0.0029136624277131514 1.569439956146983e-07 0.9970861806282911
0.0029136764951944202 2.01971283524952e-09 0.9970863214850928
0.0029136770369107587 1.9773237553890266e-09 0.9970863209857654
0.002913667936008678 1.333283575233954e-07 0.9970861987356339
0.002913679747965626 6.314955166984635e-09 0.9970863139370792
0.002913667981864081 4.775963692608432e-08 0.9970862842584991
0.002913667118137152 1.920965744178007e-08 0.9970863136722053
0.002913669073775048 1.3116729041288623e-07 0.9970861997589345
0.002913667498423571 9.313914472524045e-08 0.9970862393624317
0.002913685886225417 5.562000623400193e-09 0.9970863085517739
0.002913677074920597 4.189467704367193e-09 0.9970863187356117
0.002913693457904704 1.922396300157402e-09 0.997086304619699
0.0029136918421744863 3.571764446869507e-08 0.9970862724401811
0.002913696583866886 1.3290336155403849e-09 0.9970863020870995
0.002913697334875838 4.303963886910724e-09 0.9970862983611603
0.002913688292532958 2.8612050679359823e-10 0.9970863114213465
0.0029136886795728106 9.99995302429734e-09 0.9970863013204742
0.002913688745250749 9.53407029911599e-09 0.9970863017206789
0.002913716949989345 2.1196657876247758e-10 0.9970862828380441
0.002913690608820182 5.52228134917939e-10 0.9970863088389517
0.0029136899591530267 5.972050700752974e-09 0.9970863040687963
0.00291371617500627 1.4127904538702265e-10 0.9970862836837147
0.0029136943668559723 4.329281606576894e-09 0.9970863013038623
0.0029136623765004285 1.1667904909766443e-11 0.9970863376118316
0.00291364675400354 1.6350936381961425e-11 0.9970863532296456
0.002913693561447903 1.2305033904616205e-08 0.9970862941335181
0.002913691423037819 1.635211258514723e-08 0.9970862922248496
0.0029135518697625904 5.071722040536521e-10 0.9970864476230652
0.0029138500382616425 3.4925467168900873e-09 0.9970861464691917
0.0029130809389402565 1.898486246578314e-09 0.9970869171625735
0.0029132981799405936 1.7371814022738888e-07 0.9970865281019192
0.002914092531199274 2.42709548212029e-08 0.9970858831978459
0.0029141675090856144 9.929922859544043e-08 0.9970857331916858
0.0029126127109253357 6.720290176956443e-07 0.997086715260057
0.0029126257005357126 1.9770592743254527e-07 0.9970871765935369
0.002912257497576015 4.2959168908236475e-07 0.9970873129107349
0.0029121193755573746 9.682846349898798e-07 0.9970869123398077
0.0029116982575397078 1.23079776059291e-07 0.9970881786626843
0.0029116228292656063 1.0784655527906373e-05 0.9970775925152064
0.0029124559930874287 1.413300806501357e-06 0.9970861307061061
0.0029148405242546615 1.2786001094293428e-06 0.9970838808756359
0.0029097697073180513 5.711279940701303e-05 0.9970331174932748
0.002909652209789822 3.9985886153894375e-05 0.9970503619040563
0.002909443007967684 9.27476491631868e-05 0.9969978093428691
0.002909509377931472 6.367709298609451e-05 0.9970268135290825
0.0029094954284360573 6.832133898621384e-05 0.9970221832325777
0.002909652287578756 1.459864419189207e-05 0.9970757490682294
0.00290947713946221 7.508522249275103e-05 0.997015437638045
0.002909626483875159 2.942973775068631e-05 0.9970609437783741
0.002909634848102976 5.9358739098851176e-05 0.9970310064127982
0.0029097057515985883 8.869353140000387e-06 0.9970814248952614
0.0029096420032620795 4.1963966958881995e-05 0.9970483940297791
0.002909758211248951 1.2850046073374423e-06 0.9970889567841438
0.0029094851338362262 0.00010266098601338743 0.9969878538801503
0.0029096930915477955 4.895902126578943e-05 0.9970413478871863
0.0029096028064385412 7.450423451113476e-05 0.9970158929590504
0.002910763254332627 9.540379257955779e-05 0.9969938329530877
0.002913422786436915 9.539722971655599e-07 0.9970856232412659
0.0029129481657349365 1.0978954987179018e-06 0.9970859539387663
0.0029130602062796777 4.767707717271428e-06 0.997082172086003
0.002914529136567265 1.0826496628235456e-05 0.9970746443668045
0.002915632174411049 2.3396005646265937e-05 0.9970609718199427
0.002918664834319577 5.215176803562049e-05 0.9970291833976449
0.00291535566545716 5.037894713899374e-05 0.9970342653874038
0.002928975767269628 1.84902825487813e-08 0.9970710057424478
0.002929320638202192 1.083067975087032e-07 0.9970705710550003
0.0029253903684254984 2.7828054254131135e-09 0.9970746068487691
0.0029374191698768293 4.192676797364245e-09 0.9970625766374464
0.002967267588289926 4.084229438028255e-09 0.9970327283274807
0.00293489748599039 9.46104944620876e-08 0.9970650079035152
0.0029348985364061123 9.398274360379677e-08 0.9970650074808503
0.0029325339885424282 2.358262157712964e-08 0.997067442428836
0.0029299289027105674 1.10780574045612e-08 0.997070060019232
0.002955850777421843 1.545334721327581e-09 0.9970441476772434
0.002933789717826928 2.426617483818654e-07 0.9970659676204248
0.00293496476083538 3.666396952154756e-07 0.9970646685994694
0.002965668574243038 2.9618192008290043e-08 0.997034301807565
0.00297714702027115 1.6591496119242786e-07 0.9970226870647677
0.00293129789871669 2.335306342617969e-05 0.9970453490378571
0.002930363371742707 2.0358090364578573e-05 0.9970492785378927
0.002923835271516187 1.7640267455364358e-05 0.9970585244610284
0.002928536908186615 2.8076900116293354e-06 0.9970686554018018
0.002924279984073161 3.6153848403022927e-06 0.9970721046310865
0.002956339407372245 3.9138856303239085e-07 0.9970432692040647
0.002954569953224771 6.988398560138994e-07 0.9970447312069193
0.002928983143424203 2.814086608811392e-05 0.9970428759904877
0.0029111523473389265 0.00010726592498773617 0.9969815817276734
0.0029014854376831546 0.0005141296171772061 0.9965843849451397
0.002901631801471311 0.00035902109279548294 0.9967393471057331
0.002901544094067558 0.000371310080390147 0.9967271458255422
0.0029025796033825438 1.2647567896753929e-05 0.9970847728287208
0.0029024557469234796 5.7287638969529925e-05 0.997040256614107
0.0029025948062269854 8.423242494999365e-06 0.997088981951278
0.002900969943455948 0.000567421621667437 0.9965316084348766
0.0029007531501446067 0.0006432300372487301 0.9964560168126068
0.002901678497921033 0.0003521438114480384 0.9967461776906309
0.002901968642827502 0.0002501458046336269 0.9968478855525389
0.002902340344567497 0.0001459731148686237 0.9969516865405639
0.0029021509733856148 0.00023633819490961224 0.9968615108317047
0.002901465405106667 0.0004436089465810874 0.9966549256483123
0.002902638911520794 0.0002463153592482359 0.996851045729231
0.0029053886339889274 7.41737330096298e-06 0.9970871939927101
0.002911225151263908 3.7639046060239244e-05 0.9970511358026759
0.0029046394626739205 0.00039295138065334847 0.9967024091566727
0.002905900516042749 0.00048240430994834875 0.9966116951740089
0.002908602022353026 0.00037324492604349276 0.9967181530516035
0.0029279771712751117 0.00047229815411932755 0.9965997246746057
0.002980081307912312 8.928381622605992e-07 0.9970190258539254
0.0029949998887402523 7.463689280199912e-06 0.9969975364219795
0.003173617214474507 5.006056276397066e-08 0.9968263327249628
0.002981061686390114 3.543368584413733e-08 0.997018902879924
0.003013502070273854 2.8175739085435025e-08 0.9969864697539871
0.0031712724088014737 1.022968413856022e-09 0.9968287265682301
0.0030132526452435883 9.751617000326717e-09 0.9969867376031394
0.003033930284685191 3.3303355019899824e-07 0.9969657366817646
0.0030136323703421823 6.707452359306478e-07 0.996985696884422
0.0030355809001659864 4.949694967787739e-07 0.9969639241303373
0.003055777260001976 1.3803905500789278e-08 0.9969442089360926
0.0030439287642262942 7.738356394782639e-07 0.9969552974001342
0.003044301145705752 2.1266174125844295e-07 0.996955486192553
0.003044460513850303 4.031629624364432e-08 0.9969554991698535
0.0030445089992136385 3.2655292058820273e-07 0.9969551644478658
0.0030445136583050485 1.6148972373241066e-06 0.9969538714444576
0.003044513994220091 1.6861703178144652e-06 0.9969537998354622
0.003044518365582681 5.713158260992084e-07 0.9969549103185912
0.003044517262796264 6.704757627050173e-07 0.996954812261441
0.0030445187345694473 7.402279686183096e-07 0.996954741037462
0.003044521250822661 1.97413156461108e-07 0.9969552813360208
0.0030445250013777132 7.217220274972638e-08 0.9969554028264195
0.0030445152610326593 2.314481266466651e-06 0.9969531702577009
0.003044526773697196 1.7335263417535236e-06 0.996953739699961
0.003044865996432477 3.5873784600852726e-08 0.9969550981297829
0.0030447673705930774 1.4680287856604883e-07 0.9969550858265284
0.0030446997289053685 1.186235775087892e-06 0.9969541140353196
0.0030447940903908996 2.048610186126494e-07 0.9969550010485906
0.003044715634040226 1.0384666182361023e-06 0.9969542458993416
0.0030449631492452276 1.3896848379383222e-07 0.996954897882271
0.003044950747199199 9.523506845300439e-07 0.9969540969021162
0.003045973200843274 1.3834831993251668e-08 0.9969540129643247
0.003046086776128083 1.0568449132024494e-09 0.996953912167027
0.0030450469622436724 3.762410444038149e-11 0.9969549530001323
0.0030449742333741696 1.2183871625379646e-10 0.9969550256447871
0.0030452474170304155 8.554600486752535e-11 0.9969547524974236
0.0030450995435909456 2.7212066618008432e-11 0.996954900429197
0.003045351397673321 5.701857782144986e-11 0.996954648545308
0.0030457634445398337 5.497680949764157e-12 0.9969542365499625
0.0030450697627475627 5.404961971500068e-12 0.9969549302318476
0.0030455368256250147 4.580775085945195e-12 0.9969544631697943
0.0030451973789718105 5.413189548499763e-11 0.9969548025668963
0.003045199034480104 6.950900100164022e-12 0.996954800958569
0.003045229580603629 4.795875248119412e-13 0.9969547704189168
0.003045050060373399 8.115859371177855e-11 0.996954949858468
0.0030448084840079613 3.2110679519177734e-12 0.996955191512781
0.003044494878860445 2.779183347383406e-11 0.9969555050933477
0.003045686153472608 2.912952053188631e-11 0.9969543138173979
0.0030522604035902647 5.183412271840158e-10 0.9969477390780684
0.003043706141046672 2.19263096977296e-11 0.996956293837027
0.0030517339888393195 4.029387946029235e-11 0.9969482659708668
0.0030423600982788734 8.531108539493543e-10 0.9969576390486102
0.00304601452388899 2.1655455740670015e-08 0.9969539638206553
0.0030524968132264645 1.3600500218919816e-08 0.9969474895862732
0.0030427810195388016 4.488122920862168e-06 0.9969527308575403
0.0030427513203527315 3.142181027894454e-05 0.9969258268693684
0.0030338817181099218 3.051895408743594e-05 0.9969355993278027
0.003048777172526447 3.651325558970505e-05 0.9969147095718839
0.0030640719972517623 0.0001668171884922738 0.996769110814256
0.003027348773923323 0.0002715932048973368 0.9967010580211794
0.003025741375037425 0.00028589467545216753 0.9966883639495104
0.0030338536305223643 0.00029634400435842316 0.9966698023651193
0.0030120701641821977 5.632915127529362e-06 0.9969822969206902
0.0030577872854794176 2.3342733541788344e-05 0.9969188699809788
0.0030004278686763773 8.185681593096107e-05 0.9969177153153926
0.002963826036324627 2.119168282497993e-05 0.9970149822808505
0.0029521699933894277 0.0031789653318567094 0.9938688646747539
