inside membrane outside
0.21383843884236653 0.0 0.7861615611576335
0.13181293374377556 1.950959647855839e-12 0.8681870662542734
0.18567829292945165 5.413604198381445e-13 0.814321707070007
0.2472729490704452 5.008290548952077e-13 0.7527270509290539
0.2958366144471422 7.746626152685774e-14 0.7041633855527804
0.1940635002525296 3.4220924414274925e-12 0.8059364997440482
0.13295333363695783 4.737532519434374e-13 0.8670466663625684
0.13295333363695766 4.744996132305474e-13 0.8670466663625679
0.1318129337436862 2.6330749301422913e-12 0.8681870662536807
0.13295333363698703 5.923520106220265e-13 0.8670466663624206
0.20739642458205385 4.66862026885779e-12 0.7926035754132776
0.2071850236387338 1.5846357071818512e-13 0.7928149763611076
0.20217011294808102 2.449090000192873e-11 0.7978298870274282
0.1882828013927894 2.520139068742465e-11 0.8117171985820091
0.36064212830356046 7.769240622443371e-08 0.6393577940040333
0.312979642547235 1.8163162525597073e-08 0.6870203392896025
0.2282787501383235 3.2624500134601934e-07 0.7717209236166751
0.24239712089508614 4.4638735312059913e-05 0.7575582403696018
0.13808755662174024 1.6133048901746696e-05 0.861896310329358
0.15417140087805323 9.39378947709422e-05 0.8457346612271758
0.3118701766333935 0.00014762355186115757 0.6879821998147453
0.36082970567347017 0.0009177146791828733 0.6382525796473469
0.1548697653993755 0.07604054054659291 0.7690896940540316
0.16182484536969152 0.04237582633071774 0.7957993282995908
0.021576996775025507 0.5270984146566786 0.4513245885682958
0.020369537573231684 0.5389630184296637 0.4406674439971047
0.03559609731242912 0.19451887482531277 0.7698850278622582
0.04231631745635125 0.08756872143859973 0.870114961105049
0.016772600959703423 0.6150542776840088 0.3681731213562877
0.016635180942573085 0.6175902259592082 0.36577459309821864
0.016645630548762985 0.6172245042599018 0.3661298651913353
0.019203557526413464 0.5584028164121557 0.4223936260614309
0.029011052837262685 0.3328737723073162 0.638115174855421
0.01917367209510191 0.5590901494079156 0.4217361784969825
0.019174697309272154 0.5590697085053936 0.42175559418533415
0.037826905306334674 0.13020719787624913 0.8319658968174162
0.019492548909423528 0.5518677681685272 0.4286396829220493
0.019770297056075574 0.5479467297625048 0.4322829731814196
0.03859595467498027 0.1387033384386098 0.82270070688641
0.03499385349722818 0.24859809332499577 0.716408053177776
0.032328213166282746 0.298014033240321 0.6696577535933963
0.03448183152742697 0.5058943689030253 0.4596237995695478
0.24676061270692007 0.0034564828516304652 0.7497829044414495
0.3039448455627753 0.005148220004307898 0.6909069344329167
0.19046407831503434 0.016585024361948895 0.7929508973230168
0.13401474364159655 0.05181596765976774 0.8141692886986356
0.2763106853217336 6.284469407609038e-05 0.7236264699841902
0.12259239086402418 5.192605396589147e-05 0.87735568308201
0.13742459318790254 1.9257007946442851e-07 0.862575214242018
0.15446533554422373 5.5813638989829874e-08 0.8455346086421373
0.27271118376714737 1.2647955912869463e-06 0.7272875514372614
0.16927476989884593 2.1297831036118027e-06 0.8307231003180504
0.2029033738751689 1.6504034318516566e-08 0.7970966096207968
0.1799060367166586 1.258619488533834e-06 0.8200927046638528
0.18426209481762504 6.680904743384213e-07 0.8157372370919006
0.18082710024771 8.800699265035262e-08 0.8191728117452973
0.1827868841905731 7.327920408330123e-07 0.8172123830173862
0.18287948396922188 5.7285014454989836e-05 0.8170632310163232
0.18288959081300052 3.221209963063266e-06 0.8171071879770364
0.18287732292153375 6.23952412629494e-05 0.8170602818372034
0.18288839487766323 1.6265340938544687e-06 0.8171099785882429
0.18288558227522447 1.9087030752527798e-05 0.817095330694023
0.18288027725972855 4.808956017119409e-05 0.8170716331801003
0.1828827276465804 3.4622473395542433e-05 0.8170826498800241
0.18288294755224688 3.337339095421752e-05 0.8170836790567988
0.1828888583383344 1.0817874865356298e-06 0.8171100598741791
0.18287509407918107 7.630109975423614e-05 0.8170486048210647
0.1828829705240709 3.326142386138104e-05 0.8170837680520677
0.1828889559392989 1.2989932815418405e-06 0.8171097450674195
0.18287408764559218 8.230029159577993e-05 0.8170436120628122
0.18287800780704844 6.123277694513031e-05 0.8170607594160064
0.18288964589185908 1.3188998603697287e-06 0.8171090352082805
0.18288608158669678 2.494994810256533e-05 0.8170889684652007
0.1828886589576584 1.1007691255047926e-05 0.8171003333510866
0.18288187763056765 5.231228200486303e-05 0.8170658100874274
0.1829155923507841 5.865852229793907e-07 0.8170838210639929
0.1829217281272757 1.9458238330097193e-07 0.817078077290341
0.1829046296508403 1.9611700471961845e-06 0.8170934091791124
0.18292393101128035 4.9726882629931906e-08 0.817076019261837
0.1829095978308686 1.563439844941334e-08 0.817090386534733
0.1829245545002991 2.485501249052018e-09 0.8170754430141997
0.18290633800882605 1.2076559720091158e-08 0.8170936499146142
0.1829074741157537 8.477609640843746e-08 0.8170924411081498
0.1829041156455017 5.8038663858285287e-08 0.8170958263158343
0.1829093512984936 5.666380900675096e-10 0.8170906481348684
0.18291200567880336 5.126945281351465e-12 0.8170879943160697
0.18290747892464682 2.098435497566435e-11 0.8170925210543688
0.18290887834347525 1.0174501729390389e-12 0.8170911216555073
0.18290748935378967 8.325388673748469e-13 0.8170925106453777
0.18290775381916916 1.2265147456907797e-12 0.8170922461796043
0.18290764528848139 1.614946805075461e-11 0.8170923546953691
0.182907646204763 8.448993517389025e-13 0.8170923537943922
0.18290765356431027 1.3710946343471838e-11 0.8170923464219788
0.18290765072216433 4.2531137634217126e-11 0.8170923492353045
0.18290714111697864 1.2360326399634746e-12 0.8170928588817853
0.18290888128130248 1.765478972783101e-11 0.8170911187010428
0.18290875901772663 1.9886665830030698e-11 0.8170912409623866
0.18289524583960487 1.761696347106643e-10 0.8171047539842254
0.18289314834420278 9.148531271321152e-10 0.8171068507409442
0.18285782543609394 2.5548397301791923e-11 0.8171421745383576
0.18281063944029796 2.2312414097887405e-10 0.8171893603365779
0.18279838647553603 5.989920850409188e-10 0.8172016129254719
0.18262807263056133 1.023988201323249e-08 0.8173719171295567
0.1812954863533485 5.043269437631352e-08 0.8187044632139572
0.19475727008256127 7.94039375240147e-06 0.8052347895236863
0.18052458903369367 8.08675498088185e-06 0.8194673242113254
0.18030819946452975 7.91905500026899e-07 0.8196910086299704
0.18304000829495665 0.00028186253280357607 0.8166781291722397
0.19348383444209394 8.729480078879713e-06 0.8065074360778272
0.17981429381696112 0.0007644418485613812 0.8194212643344775
0.1773583009047319 7.458752819966548e-05 0.8225671115670684
0.19428363298816895 3.360471006755988e-05 0.8056827623017635
0.18028905328951436 0.0019526258682604938 0.8177583208422251
0.1696095351326862 0.023911666256257624 0.8064787986110561
0.17530608448586885 0.006306554782870642 0.8183873607312605
0.16027105679448334 0.032107191257442325 0.8076217519480743
0.16396359591605225 0.04102023847970562 0.7950161656042422
0.16409935864422084 0.017573610217750456 0.8183270311380287
0.15293003666278426 0.03674773776833675 0.810322225568879
0.14442825237624324 0.03880004674283878 0.816771700880918
0.2617002693752973 0.0007684867949001947 0.7375312438298026
0.18187070687076745 0.013074620728798078 0.8050546724004345
0.16016992037004577 0.06064913952804481 0.7791809401019094
0.2609906197472243 0.0011170946893045836 0.7378922855634711
0.12227687177151128 0.08308487446725389 0.7946382537612349
0.14934357050232183 0.005442681609481588 0.8452137478881965
0.12571212016639705 0.1505439044224363 0.7237439754111668
0.0777524072595269 0.1890959211578059 0.7331516715826671
0.1701986515702522 0.007300621177388321 0.8225007272523596
0.060668667722934784 0.06562636013514028 0.8737049721419249
0.03524201703322637 0.13949921780468358 0.8252587651620901
0.02299745768973205 0.3846310378693262 0.5923715044409417
0.023989311740525432 0.27464421099371217 0.7013664772657624
0.021798755242370873 0.32415795996759283 0.6540432847900363
0.02574826570128183 0.20152971837474315 0.772722015923975
0.021987791062278418 0.31707319481636453 0.6609390141213571
0.025819545828109757 0.19786393007776135 0.7763165240941288
0.031153460766178424 0.03266695585464293 0.9361795833791786
0.027475436278214017 0.141007843307972 0.831516720413814
0.02751782163405159 0.13933732371755228 0.833144854648396
0.024299642315963543 0.2533434251525198 0.7223569325315167
0.02838557635451202 0.11980092573170455 0.8518134979137835
0.02616272209186305 0.18319571393344844 0.7906415639746885
0.030799373082233916 0.030869872244794885 0.9383307546729711
0.029403614397366693 0.05065181970648555 0.9199445658961478
0.024292447179652326 0.20970144364052037 0.7660061091798273
0.030171703973559772 0.028811066118498464 0.9410172299079418
0.028340463978848145 0.048260960942631055 0.9233985750785209
0.02850495983923458 0.0005831427891060826 0.9709118973716593
0.028388074147362205 0.0003837850208793113 0.9712281408317585
0.027161317161012638 0.017030625635277016 0.9558080572037104
0.02855665533332242 0.024538152475186925 0.9469051921914907
0.028040590877235497 0.0033636217256807 0.9685957873970839
0.026879649404605972 0.014319740965887307 0.9588006096295066
0.027654078683914854 0.010445366824242996 0.9619005544918421
0.027698476573855463 1.524886250897704e-05 0.9722862745636356
0.03023306087527362 0.0001842857420524485 0.9695826533826739
0.03149829033783821 2.8141165141038317e-06 0.9684988955456477
0.026322769736067453 8.531305709588623e-05 0.9735919172068366
0.018538846975608626 0.0009190342543529559 0.9805421187700384
0.02118328856805482 0.000621029438872846 0.9781956819930724
0.031075185304387687 0.0015412474598973452 0.967383567235715
0.025735502036266115 0.00012396916820027178 0.9741405287955336
0.034410796125093644 0.003205966697017594 0.9623832371778888
0.018906630976939995 0.010295587721595867 0.9707977813014641
0.023575107546549578 0.047638256931960735 0.9287866355214898
0.018164606885217642 0.016041169121963413 0.965794223992819
0.03719844368661205 0.0008863791131122245 0.9619151772002758
0.014061827162747013 0.13608170299241765 0.8498564698448353
0.002415295825678738 0.8717332526131191 0.1258514515612022
0.004256859478018405 0.8560645913866755 0.13967854913530606
0.0019177242418819981 0.9457312069043057 0.05235106885381231
0.006270573876099365 0.8696512655423791 0.12407816058152142
0.0008640413117281648 0.985096789822987 0.014039168865284972
0.0027524636799653498 0.9848469836829236 0.012400552637111161
0.0053766074475476286 0.9793785477369129 0.015244844815539532
0.001829799639235735 0.9964481279118891 0.0017220724488751756
0.0026136609700900142 0.9958511836068447 0.0015351554230651737
0.0010398281794716034 0.9986657751761006 0.0002943966444278989
0.0010366407973782382 0.9987247097805078 0.0002386494221140156
0.0010169637737337067 0.9987477243286353 0.00023531189763099531
0.0010456110413527885 0.9987235861029338 0.00023080285571341316
0.003426517192315295 0.9958811710220651 0.0006923117856195793
0.0028401656951918684 0.9965765809810588 0.0005832533237493228
0.0008239608159115902 0.9990187207027358 0.00015731848135269006
0.0012718071980394624 0.99847064411964 0.00025754868232051223
0.0018873433569626843 0.9978257909151065 0.0002868657279308359
0.04637911627816432 0.9430112172999646 0.010609666421871113
0.07248731131173874 0.9112652518429025 0.016247436845358888
0.009615842964812533 0.9879012908147877 0.0024828662203997473
0.01247980720139506 0.9847940590407286 0.0027261337578763
0.09501272548740683 0.89815864450832 0.006828630004273124
0.9286656379786931 0.04710373255963424 0.024230629461672742
0.9351168398196146 0.03170587978702986 0.03317728039335551
0.9607600620451932 0.018757752468717595 0.020482185486089145
0.8711356770144124 0.09353223794599104 0.03533208503959646
0.9737892910869881 0.004008957092957356 0.022201751820054592
0.9566072425198648 0.006044999103676929 0.03734775837645818
0.9701989720789223 0.0040898456584048505 0.025711182262672928
0.9677630716553811 4.6240764884944605e-05 0.032190687579733944
0.9737651914415983 0.00036232817140058554 0.02587248038700121
0.983902076868389 6.1032010813579835e-06 0.016091819930529643
0.97376954674351 0.0001405098859461987 0.026089943370543784
0.9735072741102222 0.00026617628155310556 0.026226549608224736
0.9734485573905869 0.00025717467933301377 0.02629426793008018
0.9740448543464524 3.226148630804793e-05 0.025922884167239608
0.9741523153591097 2.96509431703772e-06 0.025844719546573226
0.9739253254473199 4.112467970636471e-05 0.026033549872973745
0.9738836965612845 9.872099443669588e-05 0.02601758244427881
0.9738837838040716 7.750370341770395e-05 0.02603871249251065
0.9739613306329189 3.422255155330689e-07 0.026038327141565624
0.9739655156265274 8.33885947590733e-07 0.026033650487525012
0.9739588538796449 4.4555832252043685e-06 0.026036690537129988
0.9739359961196181 2.775971821774311e-05 0.02603624416216408
0.9739685348938282 3.0010972973025667e-07 0.02603116499644211
0.9739640489320033 3.26525551135079e-07 0.026035624542445623
0.9739639888275696 1.454252749420835e-07 0.026035865747155384
0.9739628742651385 5.1990784901019965e-08 0.026037073744076558
0.9739632260265509 1.8264193123911306e-09 0.026036772147029753
0.9739644722586308 3.1866321317753665e-08 0.02603549587504802
0.9739670826558031 1.5060448270569635e-08 0.026032902283748605
0.9739630935804252 3.773332898750701e-07 0.026036529086284888
0.9739670547615308 2.396593967646119e-07 0.02603270557907246
0.9738803881060598 8.528044903626027e-05 0.026034331444903896
0.9739522673417218 9.058131263846377e-06 0.02603867452701434
0.9739127743649106 5.2367692678254255e-05 0.02603485794241124
0.9738912429421949 4.0863089959198136e-05 0.02606789396784604
0.9740335463234087 4.903765736816647e-06 0.025961549910854552
0.9737197128366298 0.0002599942823227038 0.02602029288104742
0.9739854549170238 7.110305677970252e-05 0.025943442026196608
0.9737184918737402 7.086901853161423e-05 0.026210639107728237
0.9850359559192338 0.00010966422560642104 0.014854379855159871
0.9838987950924483 0.00011267968100160805 0.01598852522655019
0.9627317924487451 0.00021723064126447905 0.03705097690999035
0.977219611730486 0.0001313556116137925 0.022649032657900157
0.9647227952985142 1.935320453611853e-05 0.03525785149694966
0.9518630332786991 0.012560527292331742 0.03557643942896907
0.9670008543587346 0.007008085362246043 0.02599106027901925
0.9887777261026583 0.0007152696737208932 0.01050700422362073
0.929301356769927 0.04984163871686456 0.020857004513208436
0.9636285617806313 0.0012052137873794643 0.035166224431989274
0.061855644862656885 0.9290843008843461 0.009060054252996946
0.0643989596714902 0.9222086861679131 0.013392354160596753
0.014053392059307874 0.9821086179964772 0.003837989944215091
0.02639998215621219 0.9600166445821406 0.013583373261647123
0.007360643914160597 0.9887894839702697 0.003849872115569823
0.20528699349102505 0.7203823563484777 0.07433065016049728
0.03105119533739919 0.9338641108989938 0.035084693763606935
0.00020439244413991678 0.9955921045981639 0.00420350295769612
8.23870991845792e-05 0.9957749569833739 0.004142655917441432
5.199210009884315e-05 0.9960577157904296 0.0038902921094716393
0.00020306032485036687 0.9903210964292266 0.009475843245923172
4.785498759467386e-05 0.9963238154427222 0.003628329569683119
0.0003340157253970152 0.9737718170049031 0.02589416726969991
4.7428636572510816e-05 0.9976468965590818 0.0023056748043456116
0.0002887498483461802 0.9804369040051892 0.01927434614646455
3.579993105484085e-05 0.9990747108007375 0.0008894892682077682
0.0001055042208965421 0.9975070600374768 0.0023874357416267633
5.441637556675085e-05 0.9985624082770818 0.0013831753473515346
0.00031352808761806047 0.9956681551359214 0.004018316776460487
0.0001810589479663768 0.9976571773250432 0.0021617637269904038
0.0008277788657006485 0.9771498100103049 0.02202241112399453
0.0004882839339649474 0.9922631288440407 0.007248587221994354
0.0005493137291429749 0.9610601762657108 0.0383905100051461
0.002915417557342018 0.5515053804321021 0.44557920201055595
0.007829524690255352 0.1631429436533947 0.82902753165635
0.013144681961499798 0.014999209352844848 0.9718561086856554
0.0036845799463101642 0.832360293463129 0.1639551265905607
0.005669075346229043 0.7927573059642535 0.20157361868951734
0.004223354080945968 0.9538840261894035 0.04189261972965054
0.006309713462565948 0.9564347092236345 0.03725557731379957
0.0010257202445699111 0.9916384938900726 0.0073357858653574195
2.1166488227503273e-05 0.9964533339023125 0.0035254996094599067
1.3441408625028764e-05 0.9991177389418665 0.000868819649508368
2.408305669268651e-05 0.9991803098221227 0.0007956071211845319
8.879293041132881e-06 0.9999679538722267 2.3166834732128353e-05
3.265274027060213e-05 0.9999160941299235 5.125312980579883e-05
2.178237881539598e-05 0.9999633193052305 1.4898315954102213e-05
3.228818919586995e-05 0.9999615762393119 6.1355714921935315e-06
7.44849813089446e-05 0.9999197022513717 5.812767319365141e-06
0.00014586245736444552 0.9998487698367772 5.367705858262485e-06
0.00045323444664724843 0.9995370453174046 9.720235948106132e-06
0.0063974850017336935 0.9935711824932322 3.1332505034051306e-05
0.00458469173190838 0.995377781827709 3.752644038270664e-05
0.0056816808840412115 0.9942512515382356 6.70675777230839e-05
0.0038522584872836474 0.9960873869626883 6.0354550028060057e-05
0.05337024753730773 0.9448163070176017 0.0018134454450906658
0.016102452331007353 0.9833175002617695 0.0005800474072231969
0.1002091091901233 0.8971934130547528 0.002597477755123838
0.5522443437675858 0.43707028535758957 0.01068537087482456
0.9872464017754307 0.002974454468636733 0.00977914375593255
0.989039252493594 0.0012874577888069437 0.009673289717598914
0.9039102202546868 0.07326016182362029 0.022829617921693027
0.9170380430020157 0.06062516015070945 0.02233679684727482
0.9814391567309299 0.0004055100176605166 0.018155333251409698
0.9795487053173624 0.004913058195147594 0.015538236487490004
0.9930346015649943 2.11209848072501e-05 0.006944277450198533
0.9802705627072418 4.054456664039255e-05 0.019688892726117735
0.9900442529906293 7.121498256087504e-08 0.009955675794388165
0.984142008752924 1.012557905823458e-06 0.0158569786891702
0.9842003460075014 1.0190509154167268e-07 0.015799552087407086
0.984111743396596 7.283267730375331e-08 0.01588818377072675
0.9841254368461329 1.9366887321892101e-07 0.015874369484993982
0.9841564524021965 5.482473880638381e-08 0.01584349277306472
0.9840907845349104 4.86036163917071e-09 0.01590921060472786
0.9841000341645175 5.804669853753179e-08 0.015899907788783932
0.9841132768430383 2.7089136126861897e-08 0.015886696067825754
0.9841083480802332 6.836451195986112e-07 0.015890968274647203
0.9841088948315795 1.7799223272563772e-08 0.015891087369197365
0.9841056922589226 3.019928520351622e-06 0.01589128781255706
0.9841053757314475 4.1768451349818865e-06 0.015890447423417522
0.9841088886599811 1.23715996825967e-07 0.015890987624021913
0.9841095035580051 9.749122526033243e-08 0.01589039895076976
0.9841051424517169 4.337657259458245e-06 0.01589051989102368
0.9841035741483845 6.175580567284719e-06 0.015890250271048293
0.9841091512370612 6.663878881302722e-07 0.015890182375050656
0.984109318905123 7.320663312688134e-07 0.015889949028545795
0.98410294748831 7.392679904233549e-06 0.015889659831785724
0.9841099983769475 2.9927507148958137e-07 0.015889702347981066
0.9840993431046086 1.1252396237896532e-05 0.015889404499153503
0.984099360017782 1.123240313330933e-05 0.01588940757908464
0.9841102222196755 1.560088197999269e-07 0.01588962177150472
0.9841001872690982 1.0346029174019295e-05 0.01588946670172794
0.9841051401572884 5.290657979681603e-06 0.015889569184731812
0.9841088543399487 1.5086027733737794e-06 0.015889637057277948
0.9841045644709582 5.786955928908076e-06 0.015889648573112886
0.9841099671122944 1.6710565442026382e-07 0.01588986578205119
0.9841088558793393 7.510714337953374e-07 0.015890393049226903
0.9841087384688911 6.518975170951259e-07 0.015890609633591846
0.9841048043478792 4.110684820201967e-06 0.015891084967300486
0.9841084077999831 5.558679158121793e-07 0.015891036332101247
0.984109319394573 9.198475735055256e-08 0.015890588620669624
0.9841082948668733 6.198259809559932e-07 0.015891085307145645
0.9841057982563781 3.849332199870013e-06 0.015890352411422
0.9841082402471366 2.466010286842397e-07 0.015891513151834766
0.9841088496457497 1.029334069714224e-07 0.01589104742084324
0.9841092531790246 6.068326092376944e-07 0.015890139988366
0.9841320123136077 4.46181170698794e-09 0.0158679832245807
0.9841827512363577 2.005193793980866e-09 0.015817246758448717
0.9840017203317216 3.3808296205000687e-10 0.015998279330195445
0.9839544325799869 4.668617045801528e-10 0.01604556695315135
0.9845466713406287 1.5249177250987234e-07 0.015453176167598935
0.9861961292792544 6.936671536459819e-07 0.01380317705359195
0.9852187470179823 0.00022065026353135773 0.014560602718486432
0.9859417309985086 0.0003009323601473782 0.013757336641344025
0.9843688326571066 0.00022968332915655846 0.015401484013736767
0.993136072573531 1.389592063326225e-05 0.006850031505835726
0.986077247494816 0.0006412939564243924 0.013281458548759657
0.9876185155554026 0.0003376275499051651 0.012043856894692239
0.9146889646316624 0.06828856192413975 0.01702247344419798
0.857745683408679 0.120188703295432 0.022065613295889117
0.9869487374932809 0.006170754923931548 0.006880507582787647
0.887400234008678 0.09970290385888261 0.012896862132439494
0.12934873662049148 0.8680456546621842 0.0026056087173243
0.00877324357154644 0.9905815610544718 0.000645195373981704
0.0018463855356666836 0.9978421477903783 0.0003114666739550622
0.002759212044285827 0.9961659851580635 0.0010748027976505994
0.000164130877520382 0.999782372497471 5.349662500867418e-05
0.00026174020667811765 0.9996930458235311 4.521396979065841e-05
0.0002500858514619774 0.9997205689858332 2.934516270491166e-05
0.00029984498759593847 0.9996544682399875 4.5686772416588504e-05
6.551582863604379e-05 0.9999240902204516 1.039395091236117e-05
0.0003906086371295864 0.9995231088748828 8.628248798750991e-05
2.621178097068444e-05 0.9999663033143279 7.484904701331831e-06
2.0516830427568746e-05 0.9999709858602298 8.49730934266339e-06
0.00013439941430777014 0.9997432864768521 0.00012231410884016637
0.00013532712273425584 0.9996325027280394 0.00023217014922639713
2.6609604213020317e-05 0.9998909920823713 8.239831341569449e-05
2.7398076571141793e-05 0.9998772167021232 9.538522130586364e-05
8.408539071515697e-05 0.999197189588358 0.000718725020926833
2.2114271669998653e-05 0.9992872060263145 0.000690679702015417
3.275771506025346e-05 0.9978930171673924 0.002074225117547468
6.798697818913937e-05 0.9898771158126886 0.010054897209122447
0.00015789171392907158 0.9783645404314673 0.021477567854603724
0.0007568149393057117 0.9598708601659249 0.039372324894769384
0.003237211058459777 0.8526816998874467 0.14408108905409345
0.0059196548694301285 0.6587997856239102 0.3352805595066597
0.015593535235661357 0.0056559553943940025 0.9787505093699447
0.01201714612194064 0.0020664991588559877 0.9859163547192035
0.017061785588599075 0.00015791100511446538 0.9827803034062865
0.011094661755658562 8.461730322900872e-06 0.9888968765140185
0.04061569551459475 8.145373926047253e-05 0.9593028507461447
0.011077622840021692 5.9527810836476474e-05 0.9888628493491419
0.007963066145247244 0.0016459671306381022 0.9903909667241148
0.013454552215851909 0.04106733001903877 0.9454781177651093
0.009633353648064159 0.03937056844485525 0.9509960779070805
0.006170686681809738 0.6000999909193638 0.39372932239882635
0.0027790390363408384 0.49459125315854213 0.5026297078051171
0.003976091930483416 0.1689016875830606 0.8271222204864559
0.0016180201283761105 0.2509086929214167 0.7474732869502071
0.0006284756726424478 0.7917819718423825 0.2075895524849749
0.0014315626919014605 0.32345663306229205 0.6751118042458064
0.0005387311062654797 0.689059816675333 0.3104014522184016
0.00039610895817254684 0.7153566584560122 0.28424723258581536
0.0007342849421031278 0.6666025241690753 0.3326631908888217
0.00025046912947250814 0.9753319378916494 0.02441759297887814
0.0003326301186658819 0.9633112288914346 0.03635614098989939
0.0014997409557228481 0.8549526475573977 0.14354761148687947
0.0040331829772981016 0.7308590268444449 0.26510779017825703
0.004536910471443981 0.7428543072431303 0.2526087822854259
0.000382824436263021 0.9827516800638142 0.01686549549992284
0.00034507009841384587 0.990898643100461 0.008756286801125177
0.003547126532771473 0.9792611739703287 0.017191699496899762
0.0017040655137347115 0.9856896981730758 0.012606236313189415
0.03601501012571078 0.8658647090687701 0.09812028080551921
0.03040253829834531 0.9515497204237551 0.01804774127789957
0.021331596883134928 0.9559717009716778 0.022696702145187295
0.012674630300037511 0.9742256864698053 0.01309968323015711
0.06756361581119144 0.9070359662387782 0.025400417950030285
0.3309642404698565 0.6273531044708712 0.04168265505927231
0.21830504175078388 0.7377401236247993 0.04395483462441672
0.12672710719689056 0.8531814823797039 0.020091410423405467
0.8541270877783357 0.050002027656552074 0.09587088456511217
0.4030391097204863 0.557777421228142 0.039183469051371836
0.20368782584178763 0.7736149226493751 0.02269725150883724
0.24884332176204224 0.7281481884645398 0.023008489773418035
0.4590639510082868 0.48682708370505773 0.054108965286655444
0.2737253834191327 0.6963199955823868 0.029954620998480477
0.9572468023054662 0.0033007440859391664 0.03945245360859467
0.9728243112486785 0.0030803702668417573 0.02409531848447968
0.8836713813875211 0.06901193239705969 0.0473166862154191
0.920417550835449 0.02589461325103824 0.05368783591351283
0.9313077330210108 0.02413136458026083 0.044560902398728515
0.9367332772862992 0.02708787539809142 0.0361788473156094
0.9405917579675381 0.010882398396069401 0.04852584363639247
0.9520619149917339 0.0032440331155024933 0.04469405189276349
0.9512645179641672 0.000815952921801853 0.04791952911403082
0.9497547095430158 0.0008415733182199962 0.049403717138764285
0.9562537016173773 6.9205923249605675e-06 0.04373937779029761
0.9564469014829603 0.00017957292740217233 0.04337352558963755
0.9566087351176137 7.421474382153142e-07 0.04339052273494822
0.9579863697004903 1.5881882591411477e-05 0.041997748416918126
0.9565120191232666 3.80491436882324e-07 0.043487600385296574
0.9567972580177637 4.99287390186761e-06 0.04319774910833445
0.9568579855249842 4.780764789656622e-07 0.04314153639853675
0.9569339830878703 4.924112110291166e-08 0.043065967671008655
0.9568300582075836 3.1207877436188337e-06 0.043166821004672735
0.9568280469883157 4.6526963529189646e-08 0.04317190648472076
0.9568357086250991 9.46920941076602e-07 0.04316334445395986
0.9568369828324477 4.7144503391238576e-07 0.04316254572251839
0.9568351890258229 4.3548782883293837e-07 0.04316437548634829
0.9568371981606689 2.7335220859235003e-08 0.04316277450411028
0.9568352565213276 5.271259714251795e-07 0.04316421635270102
0.9568335556497898 7.211820363052473e-07 0.043165723168173895
0.9568350399314612 3.7016844850052116e-07 0.04316458990009019
0.9568344404555981 5.487055084101194e-07 0.0431650108388934
0.9568339789094618 3.8113390821633985e-07 0.043165639956630066
0.9568352716235726 4.835261800895441e-09 0.04316472354116553
0.9568349758490583 4.694546629126508e-09 0.04316501945639504
0.9568351015305042 4.472070777402772e-08 0.04316485374878806
0.9568351136843729 1.9918791900771746e-08 0.043164866396835186
0.9568350540378434 7.046572983391609e-08 0.043164875496426884
0.9568350767151753 4.233745791957682e-08 0.043164880947366875
0.9568348062650754 2.7692265195353956e-07 0.04316491681227259
0.9568351217568161 5.538849382503032e-09 0.0431648727043344
0.9568348453558503 2.319719325164352e-07 0.04316492267221724
0.9568349967465262 4.932327955523151e-09 0.043164998321145766
0.9568350322116258 5.710666474508485e-09 0.043164962077707675
0.9568350097691908 2.6954347819103127e-08 0.04316496327646139
0.9568350242463344 7.310676194669995e-09 0.043164968442989345
0.9568349358552859 4.669334784506715e-08 0.043165017451366194
0.9568350372492184 5.731770263558669e-11 0.043164962693463836
0.9568350142630967 1.8199597474076692e-09 0.04316498391694358
0.9568350221180314 1.9794064806167844e-11 0.043164977862174596
0.9568350202740237 1.7478262403824816e-10 0.04316497955119368
0.9568349708289378 5.713361659383964e-10 0.04316502859972618
0.9568350209469737 5.001716001098685e-12 0.04316497904802456
0.9568350145694408 7.749132265887062e-13 0.0431649854297844
0.9568350187732555 1.940242214229489e-13 0.04316498122655057
0.9568350176204171 1.4493021548709322e-13 0.043164982379438076
0.9568350143109983 3.103492277881654e-13 0.043164985688691454
0.9568350138841853 4.3345633548938203e-13 0.043164986115381124
0.9568350139099304 1.0238900906498903e-12 0.04316498608904581
0.9568350139218227 1.0924371310869114e-14 0.04316498607816638
0.9568350138616866 4.837689600907794e-14 0.04316498613826514
0.9568350139018378 3.9318694225785085e-15 0.0431649860981583
0.956835013851214 1.276915341249917e-14 0.043164986148773184
0.9568350138501637 1.8942241967273232e-15 0.04316498614983446
0.9568350138511299 2.9193759860074535e-15 0.043164986148867296
0.9568350138520344 8.970021286860836e-13 0.04316498614706852
0.9568350138535561 1.9609506166829857e-13 0.0431649861462479
0.9568350138398489 2.093051085813534e-13 0.04316498615994187
0.9568350136890131 1.7775422683542486e-13 0.04316498631080901
0.9568350137566125 2.750477706122219e-13 0.0431649862431125
0.9568350137475254 4.20354304793736e-13 0.04316498625205415
0.9568350131317862 3.429614799923915e-14 0.04316498686817961
0.9568350135160094 2.7005631833491497e-12 0.04316498648129007
0.9568350127279228 7.333996359508661e-13 0.043164987271343803
0.9568350133818387 5.6689781751373034e-11 0.04316498656147147
0.9568350132856237 1.213866165714915e-10 0.0431649865929898
0.9568350144134143 3.060633231475339e-11 0.04316498555597926
0.9568350156376486 7.486851658688408e-11 0.043164984287482853
0.9568349917583077 2.3454157236068105e-08 0.043164984787535055
0.956835010860024 5.466543497047689e-09 0.04316498367343241
0.9568350153079562 9.1760446482907e-10 0.043164983774439385
0.9568350057784507 1.2087506532727979e-08 0.043164982134042865
0.9568349280006012 9.348931587191896e-08 0.04316497851008299
0.9568349981692562 2.143171725607493e-08 0.04316498039902665
0.9568349795993246 4.009025308478208e-08 0.043164980310422214
0.9568349932890468 2.5656015249115172e-08 0.04316498105493804
0.9568350045927616 1.6946252089370366e-08 0.04316497846098632
0.9568349922294657 2.5761502135945432e-08 0.04316498200903227
0.9568350229645092 2.705639581183686e-09 0.0431649743298512
0.9568351372628803 2.68244750878648e-09 0.04316486005467233
0.9568357124207573 1.924414699674175e-07 0.043164095137772654
0.9568364721898873 4.409966963086883e-08 0.04316348371044304
0.9568225230923042 2.8033353155877135e-07 0.04317719657416413
0.9568324277543228 3.0619059612081704e-08 0.0431675416266176
0.956830297422457 1.4033135729685015e-07 0.04316956224618586
0.9567429787680584 7.475128667490434e-07 0.04325627371907497
0.9579902057353454 6.731805042933982e-08 0.0420097269466042
0.9565226439579815 2.8504185042750713e-08 0.04347732753783335
0.9569840475591189 5.161793595212387e-06 0.043010790647285774
0.957261587663095 3.716330109629199e-06 0.04273469600679542
0.9553852419702115 0.00018937921423859102 0.04442537881554999
0.9563524836773413 5.0581187195819205e-05 0.043596935135462894
0.9565830068066958 0.0004509348609119796 0.04296605833239228
0.9597880303547989 3.9099332985751866e-05 0.04017287031221528
0.9586835317404168 3.39036071205828e-05 0.041282564652462585
0.9545064640704491 0.0027191492030767023 0.04277438672647415
0.9548925585396171 0.0014447939128098485 0.04366264754757317
0.7794764708991023 0.18482566125232577 0.03569786784857195
0.824375783255013 0.13827215859271672 0.03735205815227021
0.8221220873436748 0.14067945822558856 0.037198454430736765
0.7956289779863334 0.16839172577651365 0.03597929623715297
0.9179749545235659 0.04051576732071423 0.04150927815571985
0.8965423068928872 0.06291556611557667 0.04054212699153622
0.8147324887744725 0.14842501539207614 0.03684249583345136
0.7648146109796785 0.20060024023362455 0.034585148786697
0.8957338048633076 0.06376064429178038 0.04050555084491202
0.9254473628576579 0.03270242206382186 0.04185021507852022
0.895725288716606 0.06376644210848861 0.04050826917490544
0.9534196281658384 0.003447770003537129 0.04313260183062447
0.9254751728520332 0.03266109744638933 0.041863729701577465
0.9255554266310085 0.0325719234485748 0.04187264992041656
0.8173890151485562 0.14560665655880003 0.03700432829264361
0.818564165806478 0.1442841423112332 0.03715169188228893
0.9256396779710698 0.0318902148574299 0.04247010717150018
0.8726547173784641 0.0864815349302424 0.040863747691293535
0.8284752685761703 0.12221446043597764 0.04931027098785218
0.9233561020435255 0.026378400967919734 0.050265496988554904
0.9010700701606535 0.04475485740702846 0.05417507243231807
0.8005582006511716 0.13167106718963076 0.06777073215919756
0.8310994210385798 0.059805430901051435 0.1090951480603687
0.8800006815392369 0.00023307122316254525 0.11976624723760045
0.8789480093091376 2.3996055883363216e-05 0.12102799463497896
0.9058348625646019 0.00010066259049212627 0.09406447484490599
0.9058466334508672 0.00036429785829400577 0.09378906869083871
0.8996334276493548 0.0008650685372286428 0.09950150381341649
0.9145715157737249 7.805098989437886e-05 0.08535043323638077
0.8900963857922234 0.0034746375128753646 0.10642897669490124
0.9049561051223148 0.00037189805690124913 0.09467199682078392
0.9019316257511009 0.0028863976482440576 0.09518197660065508
0.9021679253905182 0.000283435865158985 0.09754863874432285
0.8976915914586416 0.001170349881971921 0.10113805865938635
0.8981893825392575 0.0005914798395492546 0.10121913762119326
0.8959770191032438 0.0030337931018141738 0.10098918779494205
0.8959795853953036 0.0030361118575817757 0.10098430274711441
0.8959797226217369 0.003037810250497512 0.10098246712776565
0.8974373611621166 0.0014191970550563127 0.10114344178282705
0.8977230462095016 0.0011012508207170026 0.10117570296978133
0.8962570018634186 0.002732601866191516 0.10101039627038982
0.8983842341506323 0.00036566535463637126 0.10125010049473146
0.8959576794114719 0.0030660557695354976 0.10097626481899272
0.8963665866901585 0.002611272456857687 0.10102214085298375
0.8985210882871452 0.0001325037706849657 0.10134640794216988
0.898421070073095 5.69330587568225e-05 0.10152199686814825
0.8984456345234931 5.994856836777982e-06 0.10154837061967015
0.8983575239159507 4.355231772268575e-05 0.10159892376632655
0.8982703977321329 0.00012163060884364106 0.10160797165902342
0.8982031426074932 1.3000102523503228e-06 0.10179555738225426
0.8984216022580926 3.5680070564587145e-07 0.10157804094120174
0.8983733413280105 2.5704964228472177e-06 0.1016240881755667
0.8982214601980516 1.6977707441963426e-05 0.10176156209450642
0.8980865473712311 1.499777689373269e-05 0.10189845485187542
0.8980052843965638 1.2339610263928033e-05 0.10198237599317211
0.8982951704801403 1.649110582694278e-06 0.10170318040927696
0.8983073207344753 3.38824157498081e-07 0.10169234044136714
0.8983042736037424 1.3250728377884557e-08 0.10169571314552919
0.8982915304537531 4.5891238705786945e-07 0.10170801063385988
0.8982947166795755 4.1540888305944613e-10 0.1017052829050157
0.8982945103523841 8.624372289997616e-11 0.10170548956137226
0.898294477689538 4.9530468593576375e-11 0.10170552226093156
0.8982950140217236 1.652584537313911e-10 0.10170498581301793
0.8982946600942593 6.490375575176851e-08 0.10170527500198487
0.8982948854989147 2.596932220916882e-09 0.10170511190415317
0.8982946225482032 5.233267381908753e-08 0.1017053251191228
0.8982942467573738 4.438534792264987e-07 0.10170530938914692
0.8982941024348791 6.187402203704237e-07 0.10170527882490048
0.8982942188572616 4.786219858048159e-07 0.10170530252075267
0.89829441332869 2.7342780819983765e-07 0.10170531324350182
0.8982944695381637 2.2262313854934535e-07 0.10170530783869783
0.8982945623510242 1.0338152901786487e-07 0.10170533426744671
0.8982941708490694 5.333895252250886e-07 0.10170529576140534
0.8982946589236702 1.0241620055336545e-08 0.10170533083470985
0.898294563190015 1.0403190303632553e-07 0.10170533277808196
0.8982946452025657 9.240625943701899e-09 0.1017053455568084
0.8982941509872637 5.576839606979779e-07 0.10170529132877557
0.8982947326534336 1.2332980473630338e-08 0.10170525501358597
0.8982940489640978 7.747035714281725e-07 0.10170517633233082
0.8982941042639099 6.068670328589121e-07 0.10170528886905726
0.8982946109986619 8.046116412013203e-08 0.10170530854017386
0.8982944448486355 3.1302537435702147e-07 0.10170524212599005
0.8982945009832153 1.9129905209338949e-07 0.10170530771773274
0.8982946163181489 5.940719762992404e-09 0.10170537774113148
0.8982946237628937 2.04132130865164e-08 0.10170535582389327
0.8982946079487351 6.594435186852655e-08 0.10170532610691309
0.8982947953431583 9.005953137912559e-09 0.10170519565088863
0.8982940094521475 9.482138669816118e-07 0.10170504233398556
0.8982945894102081 2.991746963687462e-07 0.10170511141509556
0.8982949040192285 2.5274809419741216e-08 0.10170507070596213
0.8982948268985999 5.5241934710065144e-08 0.10170511785946547
0.8982945846948285 4.104138635648361e-07 0.10170500489130788
0.8982936246355331 1.6439253279156122e-06 0.10170473143913901
0.8982947089234826 3.879629918108148e-07 0.1017049031135255
0.8982936699966494 1.203029170300793e-06 0.10170512697418019
0.8982948050181712 2.3771875880217184e-07 0.10170495726306998
0.8982945498102438 4.692255287488342e-07 0.10170498096422743
0.8982945497773822 4.6787391524296895e-07 0.10170498234870255
0.8982952527918848 4.2798340703948733e-08 0.10170470440977451
0.8982947385074077 2.3973623239129123e-08 0.10170523751896915
0.8982946081745203 6.47245146590193e-07 0.10170474458033314
0.8982949308637658 8.075498834557534e-08 0.10170498838124584
0.898291103204474 5.365713119946717e-06 0.10170353108240594
0.8982954109549001 5.499761191638319e-07 0.1017040390689807
0.8982913213838485 4.754517038350573e-06 0.10170392409911308
0.898293807767802 2.785167786774682e-06 0.10170340706441126
0.8982959109627691 3.939721209023778e-07 0.10170369506510998
0.8982933697996971 3.8991810116000455e-06 0.10170273101929123
0.8982907918141614 6.789001545874983e-06 0.10170241918429276
0.8982912985012169 5.340751542821958e-06 0.10170336074724041
0.898293503483851 4.063696927532131e-06 0.10170243281922148
0.8982963871988499 1.466889400475742e-07 0.1017034661122101
0.8982961031561019 1.4774515591512218e-07 0.10170374909874233
0.8982963083976557 1.3038923379442192e-07 0.10170356121311049
0.8982864037115381 1.4093383224205072e-05 0.10169950290523763
0.8982895308437623 1.0111999649502704e-05 0.10170035715658836
0.8982869561134033 1.070947642662738e-05 0.10170233441017017
0.8982869205393836 1.074474088891848e-05 0.10170233471972752
0.8982973174414123 2.386783120192115e-07 0.1017024438802757
0.8982981877079173 2.8399112546083086e-07 0.10170152830095722
0.8982868984401463 1.5213512970025328e-05 0.1016978880468836
0.8982837204654124 1.7727988574784636e-05 0.10169855154601283
0.8982976809944081 3.8545064019541055e-06 0.10169846449918991
0.8982905177659543 1.491875506344771e-05 0.10169456347898219
0.8982811885532502 2.6458529930285905e-05 0.10169235291681956
0.8983042278928299 6.764537903660023e-07 0.10169509565337967
0.8982919439374549 1.4613921301428536e-05 0.10169344214124358
0.8983042012017387 1.2420666761159257e-06 0.10169455673158515
0.8982827789770174 2.495544534980599e-05 0.1016922655776328
0.8982961810674124 9.874740840889046e-06 0.10169394419174674
0.8983046613521724 5.036218215141961e-07 0.10169483502600613
0.8983034454501125 1.7902888736665656e-06 0.10169476426101386
0.8982746963661572 3.3727657288961985e-05 0.10169157597655383
0.8982878925890126 1.811689260616431e-05 0.1016939905183812
0.898303298103682 2.03626660395091e-06 0.10169466562971402
