inside membrane outside
0.011643153587094526 0.0 0.9883568464129054
0.015452155186960925 8.019924180020825e-14 0.9845478448129589
0.012462045028988506 8.184672070231573e-15 0.9875379549710034
0.012462045029016716 1.913922866678159e-13 0.9875379549707919
0.015437353896182837 1.9693217832104926e-10 0.984562645906885
0.010351094561582855 3.468423384457893e-11 0.9896489054037328
0.011030400093011478 7.73233123914676e-07 0.9889688266738647
0.007125445516745069 6.369162646202548e-08 0.9928744907916285
0.015437000295171295 1.5343678513072886e-07 0.9845628462680437
0.01439253660916417 6.627239240307222e-07 0.9856068006669119
0.011798105322408409 7.14829317111353e-08 0.9882018231946599
0.011798073218124634 2.843668823830909e-07 0.9882016424149929
0.011798064238179482 9.477507789847401e-07 0.9882009880110415
0.01179807495379756 1.2316112825514873e-08 0.9882019127300896
0.011798074704823013 1.4330918857966657e-08 0.9882019109642581
0.01179807097629595 2.885050932495919e-07 0.9882016405186108
0.011798065657754283 7.242631467019245e-07 0.988201210079099
0.011798072384498424 1.4396278827819228e-07 0.9882017836527133
0.0117980722556293 1.4389799497333666e-07 0.9882017838463757
0.011798073111508815 1.8272315599596555e-08 0.9882019086161756
0.011798065159200963 6.341153253096571e-07 0.9882013007254737
0.011798075210689494 7.63121917228532e-08 0.9882018484771188
0.011798076779960353 6.077005083683912e-08 0.9882018624499888
0.011798063841658225 9.078048832964031e-07 0.9882010283534585
0.011798064822352744 2.42822472235736e-07 0.9882016923551751
0.011798379432529397 1.49410314061995e-08 0.9882016056264392
0.01179794349317341 2.0457455729332973e-08 0.9882020360493708
0.011798997271562948 8.796345487879468e-08 0.9882009147649822
0.011797895275421227 1.7068961367841484e-08 0.9882020876556173
0.011799133392571477 1.3937010920476465e-09 0.9882008652137274
0.011797711642616985 2.8145658538494625e-09 0.9882022855428171
0.011797881379494975 1.1282819304105533e-08 0.9882021073376857
0.011798034430284172 1.0509107189573561e-07 0.9882018604786439
0.011797867608842008 1.1790475202982014e-09 0.9882021312121105
0.011798676423233801 7.1928040436714106e-09 0.9882013163839622
0.011797798146967306 2.785034297708949e-07 0.988201923349603
0.011797446284018097 3.182110459672065e-07 0.9882022355049359
0.011797305802715007 4.197509599474227e-07 0.988202274446325
0.011797253496133512 2.24035740030527e-06 0.9882005061464662
0.011797267447798946 9.954073337211681e-07 0.9882017371448674
0.0117972815533306 1.5922249146092812e-07 0.988202559224178
0.011797268814594794 6.268468397686684e-07 0.9882021043385654
0.01179725029994745 2.1517046160025207e-06 0.9882005979954366
0.011797270817154036 4.1693358396067956e-07 0.9882023122492621
0.011797273804875344 1.6955572723872906e-07 0.9882025566393975
0.011797251107717148 2.097857045234107e-06 0.9882006510352377
0.011797270994843824 4.1513270095590896e-07 0.9882023138724553
0.011797274955139471 1.1454279715248398e-07 0.9882026105020634
0.011797252602536681 1.9949760228813374e-06 0.9882007524214405
0.011797272607575187 2.9179178399747505e-07 0.9882024356006408
0.01179726714435157 7.632257122182756e-07 0.9882019696299362
0.011797256849852526 1.6426194864452741e-06 0.988201100530661
0.011797275651999804 1.5314977388339484e-07 0.9882025711982263
0.011797273003924759 2.5385035421745625e-07 0.988202473145721
0.011797278369840727 1.0858698999100315e-06 0.9882016357602593
0.011797284671602818 1.0100927266610352e-07 0.9882026143191246
0.011797325920571002 4.16920130033507e-10 0.9882026736625089
0.011797288983080707 1.2029028558331868e-10 0.9882027108966289
0.011797289001277347 2.671206657049861e-11 0.9882027109720105
0.011797294224230391 9.044630618110497e-12 0.988202705766725
0.011797297480030057 2.7916719365737393e-10 0.9882027022408028
0.011797294204946582 2.6757169398658263e-12 0.9882027057923777
0.011797286255053205 4.8365525828533375e-12 0.9882027137401103
0.011797333598577842 2.0343362584335897e-12 0.9882026663993878
0.011797291874431433 2.5691815845362322e-11 0.9882027080998766
0.011797296775679032 6.574888032160792e-13 0.9882027032236635
0.011797298440034647 3.7441122324336245e-12 0.9882027015562213
0.011797298632197016 6.208035803284849e-13 0.9882027013671822
0.01179729846142961 5.421607624914389e-12 0.9882027015331488
0.011797297972835451 5.431815438977877e-13 0.9882027020266214
0.011797300636599607 6.459958249269127e-12 0.9882026993569405
0.011797299523371538 1.3806819871431146e-10 0.9882027003385602
0.011797285948633447 2.663388126761127e-12 0.9882027140487032
0.011797190550204053 8.258541517122483e-11 0.9882028093672106
0.011798050098194726 6.949624168137623e-11 0.988201949832309
0.011797312402993579 2.2996588824964996e-09 0.9882026852973476
0.011797223744589134 1.7685061809718858e-09 0.9882027744869046
0.011797163166020983 3.615496293773661e-09 0.9882028332184827
0.011799171173018009 2.165582967162168e-10 0.9882008286104237
0.011797632412948952 2.065679182677633e-09 0.9882023655213719
0.011796472440352177 4.520828530197357e-08 0.9882034823513625
0.011802252855881804 6.510947975639473e-09 0.9881977406331702
0.011800663476623395 5.831273463367261e-09 0.9881993306921032
0.011800965498451133 7.107380600340322e-07 0.9881983237634888
0.01179790332119871 1.6237320516471013e-06 0.9882004729467496
0.011797090073277028 2.8153993022698273e-07 0.9882026283867926
0.01179594654211183 3.524618742258695e-07 0.988203700996014
0.011795918135291437 2.4141079467629258e-08 0.9882040577236291
0.011794401688590285 5.20432633849311e-07 0.9882050778787759
0.011794095183551321 4.0170752076876785e-06 0.988201887741241
0.011793841196129648 9.063544167627311e-06 0.9881970952597028
0.011793476199031039 9.740761366251481e-06 0.9881967830396027
0.011793648800886673 3.6021298343120366e-07 0.9882059909861299
0.01179335065737817 1.1014580861818696e-06 0.9882055478845356
0.011793335861153179 2.0896879276805495e-06 0.9882045744509191
0.011793163978922876 2.0800476755043097e-06 0.9882047559734016
0.0117930093288922 1.0517036288844872e-05 0.988196473634819
0.011792998985889251 4.099072220117485e-06 0.9882029019418906
0.011793024227861083 1.0221399789846357e-05 0.9881967543723491
0.01179322248400343 5.977730607538529e-06 0.988200799785389
0.011793673827844622 5.9914468910489186e-06 0.9882003347252644
0.011794450215304533 1.8357436424125547e-07 0.9882053662103312
0.011793130006123965 1.7081406423065547e-07 0.9882066991798117
0.01179292584708981 9.732514726244057e-06 0.988197341638184
0.011795463807713074 5.5812262520963e-07 0.9882039780696616
0.011792365727361977 1.2011994085964938e-05 0.9881956222785521
0.011792682110295556 2.0403883625681307e-05 0.9881869140060787
0.011791923328777246 8.1464657995695e-06 0.9881999302054232
0.011792054354321091 2.9047659427102643e-05 0.9881788979862518
0.011792254888295784 1.1233106991743724e-05 0.9881965120047125
0.011792619082144249 6.49290811316468e-06 0.9882008880097426
0.011792172577177969 3.403122190440067e-07 0.988207487110603
0.011792234338049167 1.0035985293174033e-05 0.9881977296766576
0.011792089388054842 3.2114357726453605e-07 0.988207589468368
0.01179199021630024 1.138237425178961e-05 0.988196627409448
0.011791890773201509 8.098796415345007e-07 0.9882072993471569
0.011791273352395661 4.077237075286313e-06 0.9882046494105291
0.011791288814154584 2.000627722721901e-06 0.9882067105581227
0.011790880529579719 2.7632906805255257e-05 0.988181486563615
0.011791121449466497 8.141713925350948e-06 0.9882007368366081
0.011791210186572946 1.9546880675250348e-06 0.9882068351253596
0.011791095825278472 1.1743566861631859e-05 0.9881971606078599
0.01179112557760287 1.1500778905755952e-05 0.9881973736434914
0.011791225034646744 1.8695562971384757e-05 0.9881900794023819
0.011791923039224378 6.421707667853216e-07 0.9882074347900088
0.011791340811497696 1.847867323651979e-05 0.9881901805152657
0.011791452377132482 1.7829754750337676e-05 0.9881907178681172
0.011792392186824138 8.16593254934788e-06 0.9881994418806265
0.011803672209702598 2.975328296054976e-07 0.9881960302574678
0.011797454007704674 1.255609474940167e-06 0.9882012903828203
0.01179666896155454 4.845585483030348e-06 0.9881984854529624
0.011804696861229872 1.8555375409542486e-07 0.988195117585016
0.011804797901143194 1.0335593211084787e-07 0.9881950987429247
0.011797126039749549 1.5862476595597297e-06 0.9882012877125909
0.011803932527578023 6.100080516794912e-07 0.9881954574643703
0.011795769445902883 6.710285500102325e-09 0.9882042238438116
0.011804481412017412 1.2320474218435988e-09 0.9881955173559351
0.01179757710357383 3.444377316633969e-09 0.9882024194520489
0.01179713343278643 7.508342622801384e-09 0.9882028590588708
0.011796786353322064 1.6132601067640768e-09 0.9882032120334178
0.0117969279842635 8.51500433986726e-08 0.9882029868656932
0.011796525703120661 1.351067352555169e-07 0.9882033391901441
0.01180253121855342 1.1694014097013663e-08 0.9881974570874326
0.011796992447297079 6.527237470705038e-07 0.9882023548289559
0.011795475662943313 5.95530578746926e-09 0.9882045183817508
0.01179670689384124 8.680444760486029e-07 0.9882024250616828
0.011794685650552953 8.015348059285922e-07 0.9882045128146411
0.011806155512831608 2.4235352380145615e-08 0.988193820251816
0.01178878714639308 8.478267522763731e-08 0.9882111280709317
0.01182974829933854 5.824983939232722e-07 0.9881696692022676
0.011769487510278124 2.701235235421454e-08 0.9882304854773695
0.011740225730202376 7.4333010802836935e-06 0.9882523409687174
0.011750665358619104 2.4721804491905448e-05 0.988224612836889
0.011788715027306714 3.0907019648168984e-05 0.9881803779530451
0.012025878167381864 2.3032690845502653e-06 0.9879718185635336
0.011710330497078404 3.8421508195734284e-06 0.988285827352102
0.011730522734418583 1.623438105049789e-05 0.9882532428845309
0.011712498918122706 1.173698112042502e-06 0.9882863273837652
0.01174033259408321 6.97368532896744e-05 0.988189930552627
0.011791745361969226 2.628069704387065e-05 0.9881819739409868
0.01165695964857311 0.0003332238181231579 0.9880098165333038
0.011615889663675346 0.0004853672171749307 0.9878987431191497
0.01160835291497811 0.0005595966754019835 0.98783205040962
0.011608152806552691 0.00018985628586428102 0.988201990907583
0.011632692580857865 4.6072813927633166e-05 0.9883212346052146
0.011605961864938986 6.332788168001942e-05 0.9883307102533809
0.01160019335610416 0.0002255530550862229 0.9881742535888096
0.011598621497230595 0.0003285561141837231 0.9880728223885856
0.011597375797134617 0.00023101241060974933 0.9881716117922557
0.011597130797681056 0.00026794214957621244 0.9881349270527428
0.011598569632124849 0.0001157084710594117 0.9882857218968157
0.011598081601400221 0.000192867347409957 0.9882090510511898
0.011591318857420025 0.0007568035995238961 0.9876518775430562
0.011593090695762129 0.000590400005245675 0.9878165092989922
0.01160830890963554 1.1755236673269541e-05 0.9883799358536912
0.011602426982635377 0.00018645231108271816 0.9882111207062819
0.011594429186385247 0.0008053403957483465 0.9876002304178664
0.01160003003558055 0.00031925046008500713 0.9880807195043344
0.011602735572638651 0.0003088104226935151 0.9880884540046678
0.011609285326156751 8.834403690905083e-05 0.9883023706369343
0.01161175767236595 0.00015620121714835574 0.9882320411104857
0.011612709864778822 0.00042818846664812474 0.9879591016685731
0.011607130197968095 0.00015285075863774364 0.9882400190433942
0.01161128300108648 0.00031461478996235297 0.9880741022089512
0.011632900885281376 1.9782335437903085e-05 0.9883473167792808
0.011628840599772572 5.6965965311450885e-05 0.9883141934349159
0.011625707233697628 1.842551154566379e-07 0.988374108511187
0.011659610585586684 1.050909951224502e-07 0.9883402843234182
0.01163548212316064 4.462986214798945e-07 0.9883640715782179
0.011627243302908373 9.701326188419596e-07 0.9883717865644728
0.011627649186884633 4.589456460403106e-06 0.988367761356655
0.011626418096652661 4.649225513842202e-06 0.9883689326778335
0.011627881363636846 8.620391223958193e-07 0.9883712565972407
0.011638399220681873 3.5776801442457057e-06 0.988358023099174
0.011631766649964058 8.072445113707206e-08 0.9883681526255848
0.01163169420853125 9.787268469748121e-07 0.9883673270646217
0.01163240709368689 2.3742746243794218e-06 0.9883652186316887
0.011632730257954924 5.336008135827956e-07 0.9883667361412315
0.011632475902796929 7.231540715756887e-08 0.9883674517817959
0.011633595103817165 4.820196437266568e-10 0.9883664044141631
0.01163262010441312 4.2117707343879315e-10 0.9883673794744099
0.011632803552132316 1.9852689716886933e-08 0.9883671765951779
0.011632802457084292 2.263194269700335e-08 0.988367174910973
0.011633462260300077 3.8132359434703543e-10 0.9883665373583763
0.01163277530804151 2.221115465755383e-09 0.9883672224708431
0.011632809028226821 4.140929498562124e-08 0.9883671495624783
0.011633402157157628 3.118919930865433e-09 0.9883665947239224
0.011632684930412713 2.7883622747210537e-08 0.9883672871859646
0.011632737986741155 1.3344604259471963e-09 0.9883672606787984
0.011632639463788405 4.1499569007611113e-07 0.9883669455405215
0.011632623609059868 4.6688005782008566e-07 0.9883669095108824
0.011632624892625029 5.023728987560134e-07 0.9883668727344762
0.011632625438820455 1.6768039280250418e-07 0.9883672068807868
0.01163262420905046 2.3966749140586736e-07 0.9883671361234582
0.011632625388951845 1.002850545785948e-08 0.9883673645825427
0.011632623917721496 1.6745987832528723e-07 0.9883672086224001
0.011632624255409106 9.992893132203534e-09 0.9883673657516978
0.01163262293527221 1.0182671823357256e-07 0.9883672752380096
0.011632623327315695 3.7432317527685855e-08 0.9883673392403668
0.011632615605159057 6.796938362414189e-07 0.9883667047010047
0.01163262266050788 6.566528140547413e-08 0.9883673116742108
0.011632623174312585 2.853091438301926e-08 0.988367348294773
0.011632617434609565 5.120122618689176e-07 0.9883668705531286
0.01163262146511958 1.7264854017549826e-07 0.9883672058863402
0.011632618084942205 4.61060291156962e-07 0.9883669208547666
0.011632621318941558 1.7831905507171988e-07 0.9883672003620033
0.011632623788805866 3.601772241685358e-08 0.9883673401934717
0.011632622952713055 1.2677473079677287e-07 0.9883672502725562
0.011632619757684405 3.160187822845042e-07 0.9883670642235333
0.011632623648683739 7.0211212984824795e-09 0.9883673693301949
0.011632619820820774 2.8754016625671923e-07 0.988367092639013
0.011632623818571086 1.012580283370922e-07 0.9883672749234005
0.011632626392078405 3.383907699677341e-08 0.9883673397688445
0.011632645123998314 6.13411617493018e-10 0.9883673542625901
0.011632626462426635 1.7276984783689803e-08 0.9883673562605886
0.011632661210207548 8.282342686448566e-10 0.9883673379615582
0.011632637598552042 1.6539610752567344e-09 0.9883673607474869
0.011632625680481179 3.0137768188056783e-10 0.9883673740181411
0.011632642763428392 6.054911032726307e-11 0.9883673571760224
0.011632655925446475 4.6040909612922524e-11 0.9883673440285127
0.011632865651386163 2.0466250072342168e-12 0.9883671343465672
0.011632559186511937 1.5636220062147132e-11 0.9883674407978518
0.011632565666166241 4.996952911508747e-11 0.9883674342838642
0.011632577555739479 7.796283685037342e-09 0.9883674146479768
0.011632593295181896 3.120713711845001e-08 0.988367375497681
0.011632591426822455 7.825061042501337e-09 0.9883674007481165
0.011632855138591962 3.6427053777310786e-09 0.9883671412187026
0.01163255988263215 1.9070796931504514e-09 0.9883674382102882
0.011632543920571036 1.1327449568425742e-08 0.9883674447519794
0.011632481295602617 1.1201698358723379e-06 0.9883663985345615
0.011632471176993581 6.973718269229673e-07 0.9883668314511795
0.011632471321931756 3.935270083682819e-08 0.9883674893253673
0.01163246794542137 2.2964739407432946e-07 0.9883673024071845
0.01163245071092099 1.315111431513845e-06 0.9883662341776476
0.011632463035941929 4.5260299621795077e-07 0.9883670843610619
0.011632472804027875 2.8287167559926515e-08 0.9883674989088046
0.011632446453292384 1.3815273525906862e-06 0.9883661720193551
0.01163244521510661 1.401277802113358e-06 0.9883661535070912
0.011632450844412598 1.136479388604774e-06 0.9883664126761988
0.011632451427796857 8.066049744931809e-07 0.9883667419672287
0.011632455591251438 4.5435762993126426e-07 0.9883670900511187
0.011632448352081572 1.0375904673722505e-06 0.9883665140574511
0.011632454195569967 5.045236340232026e-07 0.988367041280796
0.011632443667570177 1.4427605636876639e-06 0.9883661135718661
0.011632476418421368 2.7396050024413714e-07 0.9883672496210784
0.011632514134219521 1.9052381007860076e-07 0.9883672953419704
0.011632652367943235 2.2275660553983293e-07 0.9883671248754512
0.011633053268049169 7.765980272622608e-09 0.9883669389659705
0.011632834135861404 2.1254241771539558e-08 0.9883671446098968
0.011632859735916391 3.4015518487226054e-08 0.988367106248565
0.01163315395808621 1.9176325514201456e-09 0.9883668441242812
0.011632741377559676 7.987149203784816e-08 0.9883671787509483
0.011632706466891294 2.6889123567334955e-08 0.9883672666439852
0.01163286515151721 7.73208799458046e-09 0.9883671271163947
0.011632743669358344 1.1703947821852452e-09 0.9883672551602469
0.011632829382600591 9.45286498986132e-08 0.9883670760887495
0.011632818481649647 7.587015236951869e-08 0.988367105648198
0.011634461231128919 3.873465467336832e-09 0.9883655348954056
0.011632441527598854 1.3872955610293411e-08 0.9883675445994455
0.011632562248952632 3.127808308464238e-08 0.9883674064729643
0.011632550669164174 5.7169191956225e-09 0.9883674436139167
0.011632437671674264 9.240642785835022e-09 0.988367553087683
0.011632427684031707 1.4763381965506877e-08 0.9883675575525863
0.01163230986993082 1.4319899694809407e-09 0.9883676886980792
0.011634545349876995 6.98387947077091e-09 0.9883654476662436
0.011633902764436791 1.0175879043966202e-08 0.9883660870596841
0.011634067096845188 8.611553348339404e-08 0.9883658467876214
0.011631601786186638 4.384500963128988e-06 0.9883640137128502
0.011631605111397878 1.0340523577336873e-06 0.9883673608362444
0.011631524360353244 6.248621261998827e-06 0.9883622270183847
0.011631558102563727 2.6729442809134475e-06 0.9883657689531553
0.01163157249048105 1.3885717538646297e-07 0.9883682886523436
0.011631495328023937 5.312769400845774e-06 0.9883631919025753
0.01163151888341404 3.0605178934770153e-06 0.9883654205986925
0.011631488414792187 5.487078765143598e-06 0.9883630245064426
0.01163153910607545 1.0667525969617166e-06 0.9883673941413277
0.011631470183307768 7.000096501659017e-06 0.9883615297201905
0.011631515557717126 3.069678327997237e-06 0.9883654147639549
0.011631528656110366 1.072055087547986e-06 0.988367399288802
0.011631470929946663 5.384289784310799e-06 0.988363144780269
0.011631571711500172 3.4419020309365443e-07 0.9883680840982967
0.011631531397019322 1.6204782356755415e-06 0.988366848124745
0.011631475938211682 4.99289136940735e-06 0.988363531170419
0.011631542282994968 8.683216513033535e-08 0.9883683708848399
0.011632866988442528 3.466162159890859e-07 0.9883667863953415
0.011626468676395232 4.50258125934732e-07 0.9883730810654788
0.011635759281579434 6.465129312798032e-07 0.9883635942054894
0.011686313209543601 8.14841819511509e-08 0.9883136053062744
0.011618641654979823 5.265063714630392e-07 0.9883808318386487
0.01162188205160274 1.8080471916524276e-06 0.9883763099012056
0.011620549812368677 4.2903594837540316e-08 0.9883794072840365
0.011619959518987085 4.766058512580021e-07 0.9883795638751617
0.011627504765554705 3.646311324658513e-06 0.9883688489231206
0.011638375363052825 3.0889559067201088e-06 0.9883585356810405
0.011620680066142456 1.693833591858901e-05 0.988362381597939
0.011597012302393172 8.877801859193845e-05 0.988314209679015
0.011589496737372869 2.4874064313706174e-06 0.9884080158561958
0.011590518513484133 0.00021307784451898244 0.9881964036419968
0.011587172232687253 0.0001949409699193027 0.9882178867973935
0.01161478591828552 4.919382272704131e-06 0.9883802946994418
0.011578481141078857 0.00010796532241809599 0.9883135535365031
0.011572021312077619 0.00021571167098217154 0.9882122670169402
0.011593255613077271 4.997356078018776e-06 0.9884017470308447
0.011576787731604121 8.158153576390098e-05 0.9883416307326319
0.011570502246721284 5.3565126830401385e-05 0.9883759326264483
0.011565055251992657 0.0001639795090675797 0.9882709652389398
0.011565100512210267 9.504841545783379e-05 0.9883398510723319
0.011558539484272955 0.0002976392803228029 0.9881438212354042
0.011558203021270013 0.000314784223516318 0.9881270127552138
0.011561790280454579 2.8482973806412535e-05 0.9884097267457389
0.011560196895018492 0.00017422954441299082 0.9882655735605685
0.011561662459286429 0.00010090163498623769 0.9883374359057273
0.011562115024835144 3.7556709496587265e-05 0.9884003282656683
0.011569521044628812 0.00024383239927619078 0.988186646556095
0.011558872537844466 0.0004068473521826268 0.988034280109973
0.011561796879395469 0.0001635500208781701 0.9882746530997263
0.01156072218659261 0.00036785881820106857 0.9880714189952063
0.011571699469606164 0.00023513841287343018 0.9881931621175204
0.011582558231459745 1.09855563188262e-05 0.9884064562122213
0.01157782410850152 4.45046141438547e-05 0.9883776712773547
0.011583111279844127 1.9705727907674185e-05 0.9883971829922482
0.011613454406764505 4.68632890685975e-06 0.9883818592643286
0.01159724279015852 1.256588961529335e-06 0.98840150062088
0.011600509092989405 3.990255415253129e-05 0.9883595883528581
0.011621103320111638 7.504778925454932e-05 0.9883038488906338
0.011593103769175437 1.5300571309844087e-06 0.9884053661736936
0.011591205512272253 5.818103581385254e-05 0.9883506134519139
0.011602838986889304 8.279183688912182e-05 0.9883143691762215
0.011596395951030443 1.0378679914384421e-06 0.9884025661809781
0.01163375506943305 1.1639380912140638e-06 0.9883650809924757
0.01159784621854576 7.568312696773438e-05 0.9883264706544864
0.011601450355567445 0.00011554564531136292 0.9882830039991212
0.01160133284279553 8.263022621784234e-05 0.9883160369309866
0.011601346186937487 8.437330448211708e-05 0.9883142805085804
0.011602767325480143 6.0139512302551585e-05 0.9883370931622173
0.011602440663286367 1.8612709098686324e-06 0.9883956980658039
0.011602160411532295 3.565498017330635e-05 0.9883621846082944
0.011602678653432622 6.243366935534253e-05 0.988334887677212
0.011603020188788707 5.573850064599256e-06 0.9883914059611467
0.01160167032106707 0.00011963993270599016 0.988278689746227
0.011601657599026734 0.00012553571731318611 0.9882728066836601
0.011602695165062666 0.00011985198714718854 0.9882774528477901
0.011607240414844042 2.5139859226578756e-05 0.9883676197259293
0.011612300839480713 7.361569795191345e-07 0.9883869630035398
0.011613698241317557 1.8728490152616707e-05 0.9883675732685299
0.011628066426211883 7.822486271339672e-07 0.988371151325161
0.011617500842327825 1.499447944287051e-06 0.9883809997097278
0.011614809680137181 2.1575013865919497e-05 0.9883636153059969
0.01162821522263228 1.321426041341987e-06 0.9883704633513264
0.011612598489251858 3.945240681876443e-05 0.9883479491039293
0.01162042785849217 3.7579083958159686e-05 0.9883419930575497
0.01161587435358441 5.3462817001547284e-05 0.9883306628294141
0.011614627278660462 3.750410249136453e-05 0.9883478686188483
0.011622654647057954 1.3331941406558136e-07 0.988377212033528
0.0116447134829509 1.7137303394728655e-06 0.9883535727867097
0.011624784728986516 8.166861186429786e-07 0.9883743985848948
0.011633702944107547 1.7661362733651382e-06 0.9883645309196191
0.011626566139565713 2.6343213190160212e-09 0.988373431226113
0.011628163626290837 5.602829035309036e-08 0.9883717803454188
0.011623601889399007 1.0346622219642018e-08 0.9883763877639787
0.011631178976828012 4.962776181145142e-09 0.9883688160603958
0.011647622461315581 3.5797218816148454e-09 0.9883523739589626
0.011631121057928235 1.3222208900160858e-08 0.9883688657198628
0.011629964010804242 4.618409623000247e-08 0.9883699898050995
0.01162986518469962 4.767714700306691e-08 0.9883700871381534
0.011629636264492654 7.776130481884898e-08 0.9883702859742025
0.011629563880414136 3.6626605901936407e-09 0.9883704324569254
0.011629706399531582 1.6988353300751367e-07 0.9883701237169354
0.01162969503623925 1.2935945003401735e-07 0.9883701756043107
0.011629708759757343 4.130725939810904e-08 0.9883702499329833
0.011629706693425872 2.500197809346275e-08 0.988370268304596
0.011629705679741328 1.2782815124689217e-07 0.9883701664921074
0.011629709697397723 3.781755581723304e-08 0.9883702524850465
0.011629710539259756 1.0169386325382119e-08 0.9883702792913539
0.011629708767081966 1.3277455887477991e-08 0.9883702779554621
0.011629709766903874 2.350171768848413e-08 0.9883702667313784
0.011629710236676015 2.648675003853628e-09 0.988370287114649
0.011629722133023658 1.0626547644695642e-08 0.9883702672404286
0.01162971128132196 1.0141777087303339e-07 0.9883701873009072
0.011629711898679364 9.939366523701045e-08 0.9883701887076554
0.011629788478346951 3.3089860066665303e-09 0.9883702082126671
0.011629730940513032 1.124445590240108e-09 0.9883702679350415
0.011629739622527287 1.0130079170743642e-09 0.9883702593644648
0.011629768896128916 2.147485382601288e-09 0.9883702289563857
0.011629736417605355 1.9854889419625102e-11 0.9883702635625397
0.011629758745955072 2.2319639035993658e-11 0.9883702412317252
0.011629792289884035 3.558089694481262e-12 0.9883702077065579
0.011629745370120261 1.5423331524219055e-10 0.9883702544756464
0.011629735947997672 1.8482437034794084e-11 0.9883702640335199
0.011629806579584796 8.547763586879488e-12 0.9883701934118674
0.011629755603185608 5.3311719665081173e-11 0.9883702443435027
0.011629752248950636 2.539900950274653e-11 0.9883702477256503
0.011629753634243734 4.616831191316725e-12 0.9883702463611395
0.011629753739433321 6.026775013848196e-12 0.98837024625454
0.011629753893450601 1.258146632759964e-09 0.9883702448484029
0.011629753896581614 9.261909517118675e-10 0.9883702451772274
0.011629753895237292 2.952147545949764e-10 0.988370245809548
0.01162975388801726 9.685084394623546e-10 0.9883702451434744
0.011629753883069758 1.0882364068230874e-09 0.9883702450286938
0.011629753902802782 5.4136172431381546e-11 0.988370246043061
0.011629753902442063 8.503253599615643e-11 0.9883702460125254
0.01162975389624439 1.962814143385227e-10 0.9883702459074741
0.011629753898985956 1.1500752166109886e-10 0.9883702459860065
0.011629753902751198 1.8415503651333567e-11 0.9883702460788333
0.011629753941948833 3.750519437317709e-11 0.9883702460205459
0.011629753933008457 2.52402165836503e-11 0.9883702460417514
0.011629753903893779 4.975553724827667e-10 0.9883702455985508
0.011629753895369865 9.461764985340189e-10 0.9883702451584536
0.011629753898220251 9.33108729623477e-10 0.9883702451686711
0.01162975397318574 2.2304236723249446e-10 0.988370245803772
0.011629753985106031 1.4806025056694017e-11 0.9883702460000879
0.011629754039764474 6.289551410080297e-10 0.9883702453312804
0.01162975406851709 2.668605893062925e-12 0.9883702459288144
0.011629754072363186 1.949698097815513e-12 0.9883702459256871
0.011629754195359547 9.03429164741727e-11 0.9883702457142975
0.011629754072083 8.391745073858336e-11 0.9883702458439996
0.011629754152761042 8.910250776774579e-12 0.9883702458383287
0.011629754350102071 7.827833684588382e-13 0.9883702456491152
0.011629754169893066 4.551526071039601e-12 0.9883702458255554
0.01162975411127057 1.7500250723759932e-13 0.9883702458885544
0.01162975417877698 1.1214807628305502e-12 0.9883702458201016
0.011629753900775324 1.0593686612818377e-13 0.9883702460991187
0.011629753788909769 8.874969277150403e-14 0.9883702462110016
0.011629762921760625 2.7223298452244545e-13 0.9883702370779672
0.01162975105729787 4.344560006106153e-12 0.9883702489383576
0.011629776318274733 3.2741839577267017e-13 0.9883702236813979
0.011630652200252153 5.542161646359624e-13 0.9883693477991936
0.011629909350676449 1.0199420799957106e-10 0.9883700905473293
0.011645461529416822 1.7837414097359132e-12 0.9883545384687994
0.011625419625949856 1.7647780756032097e-11 0.9883745803564024
0.011628257929374749 1.876008612372832e-09 0.9883717401946166
0.01162824110430194 1.5231364252474065e-09 0.9883717573725616
0.0116324733943272 1.7467135915579127e-09 0.9883675248589593
0.011632991329963267 1.5052834624938522e-08 0.9883669936172021
0.01165085251362016 2.816659910510319e-09 0.98834914466972
0.011632296220386392 3.431646162698926e-07 0.9883673606149973
0.011618295779835608 6.546013602475699e-06 0.9883751582065619
0.01162066973614903 7.79973997406403e-06 0.9883715305238769
0.011612345455124034 2.4637394563991463e-05 0.9883630171503119
0.011607324362450837 0.00017339653889452094 0.9882192790986546
0.011613692491464536 1.7688843812143318e-05 0.9883686186647234
0.011607675074529866 4.559934507890072e-05 0.9883467255803912
0.011605856765154262 0.0001984831862216185 0.9881956600486241
0.011607047632707888 7.193288607220321e-05 0.98832101948122
0.011607161444122483 5.395092401854366e-05 0.988338887631859
0.011604792071085012 0.0002553183646945932 0.9881398895642204
0.011606246382032127 0.0001277171684161783 0.9882660364495517
0.011603335809861656 0.0003774931199740075 0.9880191710701643
0.01160683870098957 7.570354158539139e-05 0.9883174577574251
0.011605336340473968 0.00020545630704292027 0.9881892073524831
0.01160594646215334 0.0001521241174027331 0.9882419294204439
0.011604982430230561 0.0003090731103703177 0.9880859444593991
0.011607931826130043 1.695363761595664e-05 0.988375114536254
0.01160351800210681 0.0003636603704433401 0.9880328216274499
0.0116115425627188 1.3164540982533604e-05 0.9883752928962987
0.01160611209452409 0.00037400754259548117 0.9880198803628805
0.011599073014809636 0.0004153325184187951 0.9879855944667715
0.01160832776849575 0.00036034737023084805 0.9880313248612733
0.01743881816595748 2.370621109313771e-06 0.9825588112129332
0.02145903419694273 2.504098227743741e-06 0.9785384617048294
0.015018418339192763 5.058828142553617e-06 0.9849765228326647
0.010403144762292543 3.416974630356156e-05 0.9895626854914039
0.011594930089197165 7.465727641029414e-06 0.9883976041831618
0.01971258412258831 1.5486055790129525e-06 0.9802858672718326
0.015362868005797777 9.183381503203805e-05 0.9845452981791701
0.018420797426187276 5.017688969733259e-06 0.981574184884843
0.008161556150606743 0.001963856211348541 0.9898745876380447
0.011969530589892403 0.0006611163194453174 0.9873693530906623
0.0032380663873981985 0.05317736685453409 0.9435845667580677
0.002702537198981181 0.1812114892542873 0.8160859735467315
0.00031774938048596395 0.9710206873421828 0.028661563277331183
0.0006555381459731334 0.9655408300709059 0.033803631783121055
1.986555351291903e-05 0.9971240335620972 0.0028561008843898126
3.174277954646099e-06 0.9989113184759586 0.0010855072460867659
4.9084661085498396e-06 0.9989672354751681 0.0010278560587233128
1.409593455547168e-06 0.9999811961677825 1.7394238761992426e-05
1.0443782265387573e-06 0.999990221471382 8.734150391409414e-06
3.3883349713225782e-06 0.9999840304833812 1.258118164734338e-05
1.693291108264189e-05 0.9999415632697669 4.1503819150382154e-05
9.208219622908239e-07 0.9999973022294155 1.7769486222113778e-06
1.360014605550168e-06 0.9999961239741862 2.5160112082395144e-06
1.8467929854916079e-06 0.9999949873003472 3.165906667250265e-06
3.549618517630911e-06 0.9999901702377827 6.280143699713355e-06
1.5450266839472714e-06 0.9999959925424501 2.462430866148344e-06
2.6954378789608242e-06 0.9999954078732124 1.8966889084818952e-06
1.4032665719229245e-05 0.9999836543379002 2.3129963806225524e-06
0.0011841750240916035 0.9986979735421839 0.00011785143372439197
0.004046587040887465 0.9957940042572525 0.00015940870185997667
0.0015620327389283377 0.9984117573761212 2.6209884950450965e-05
0.0023855728443217075 0.9970587603917814 0.0005556667638969031
0.011128678732174874 0.987606521544477 0.001264799723347927
0.28721956492305356 0.6958326314404196 0.016947803636526836
0.12064070059362043 0.8735376117217795 0.0058216876846002115
0.9847498545004806 0.0018323991354978722 0.013417746364021583
0.982960709803476 1.4126196828891261e-05 0.01702516399969501
0.9889386442107257 0.00013846992280711662 0.010922885866467074
0.9889534384868169 0.0010358066711557857 0.010010754842027339
0.9130940891606768 0.06990866161231536 0.016997249227007745
0.8852800813704575 0.09887777847084743 0.015842140158695
0.26462597689815553 0.7276363517262401 0.0077376713756043755
0.387015906834668 0.6049660401199274 0.008018053045404734
0.3820310450210931 0.6101360939493166 0.007832861029590384
0.9178186440731304 0.07536884525898513 0.006812510667884501
0.6181240051499085 0.3742121772641829 0.007663817585908519
0.162608629197583 0.8333209997434898 0.004070371058927113
0.01681179686796299 0.9823941108421936 0.0007940922898434064
0.02530908851674022 0.9742188993221405 0.00047201216111931077
0.00419046259987978 0.9956736662153443 0.00013587118477600694
0.003378058642591883 0.9964933941300631 0.00012854722734488146
0.002021930655479769 0.9976662393674594 0.0003118299770607753
0.000422087443321654 0.9994083088457066 0.00016960371097173303
0.0002458755549880001 0.9995867743179011 0.0001673501271109344
0.00011381059741351957 0.9997458526929667 0.00014033670961984264
0.001565390239624546 0.9942156508046819 0.004218958955693528
0.00021950449921004513 0.99900201425075 0.0007784812500399316
9.719052552954211e-05 0.9982615398272393 0.0016412696472312377
0.0006605108765181362 0.9170352239165848 0.08230426520689696
0.0006826981730729364 0.8330620299024006 0.1662552719245264
0.0002694353850015587 0.9085781105699497 0.09115245404504868
0.00019508120506660912 0.9202677394791096 0.07953717931582378
0.0023575332873310133 0.2386591522763135 0.7589833144363554
0.00023007616707884618 0.9311342060167931 0.06863571781612808
0.00028220969647579566 0.7463968094437973 0.253320980859727
0.0011748860775964058 0.33060079400293974 0.6682243199194637
0.0006651805231009673 0.6409829018932617 0.35835191758363744
0.001965180470164743 0.5257097027408524 0.47232511678898287
0.009438680814475726 0.051294619052697395 0.9392667001328269
0.008104205272800058 0.21142700979093182 0.7804687849362681
0.029335599243252804 0.002850133747645274 0.9678142670091019
0.0065079153447504525 0.005274061337207834 0.9882180233180418
0.013780585099719956 0.0447445326517255 0.9414748822485546
0.009863353074956623 0.021567681765805282 0.9685689651592381
0.008796773848145874 6.486891649227997e-05 0.9911383572353619
0.019799224469119116 6.390599778112323e-08 0.9802007116248831
0.010497649163579655 4.6498527231152065e-07 0.989501885851148
0.018730894659767718 1.2473155164089652e-07 0.9812689806086806
0.012401540755661826 5.9749760833614975e-05 0.9875387094835045
0.009883043889323019 0.000588010800917672 0.9895289453097593
0.012570173655628174 0.000710844683650252 0.9867189816607216
0.010375723364362582 0.0012186605232218887 0.9884056161124155
0.008509942340722214 0.0011667427379599188 0.990323314921318
0.010832292445746764 0.00035230438627762204 0.9888154031679756
0.01120028689719566 0.0004689899936132392 0.9883307231091911
0.011442650693652199 0.0009728814498672016 0.9875844678564805
0.01286673505586927 0.00962161985964675 0.977511645084484
0.010446790210053174 0.0012512236866929012 0.9883019861032539
0.010261736680043395 0.5436430578738395 0.4460952054461171
0.004207537589836174 0.8339184400001503 0.1618740224100136
0.008927684839802746 0.8190777516247592 0.1719945635354382
0.0194547522430855 0.6205815123920313 0.3599637353648832
0.003946793417892919 0.9775158896122609 0.018537316969846243
0.0035812940588818877 0.9855082252691102 0.010910480672007864
0.013654068113645999 0.9471334942491675 0.03921243763718652
0.13186631519554096 0.6170634009200077 0.25107028388445135
0.004727642066129428 0.9852110335214835 0.010061324412387069
0.035420541578158285 0.9222498254226758 0.04232963299916598
0.036185667651843334 0.9401304883800348 0.02368384396812191
0.1735424041230178 0.743532859562044 0.08292473631493837
0.003176867409325257 0.9966918104890589 0.00013132210161586943
0.0035909125063206936 0.9963315250588762 7.756243480302772e-05
0.013736985958689486 0.9861151340083923 0.0001478800329181927
0.00972552039223833 0.9901773405708255 9.713903693610328e-05
0.00458970176614848 0.9953650770801898 4.5221153661539716e-05
0.008181032841559957 0.9917392229649139 7.974419352613097e-05
0.003419544005383907 0.9965467165240222 3.373947059394003e-05
0.030459544535557003 0.9692597309218842 0.0002807245425587968
0.004781923260458409 0.9951749740676209 4.3102671920575604e-05
0.006247689682767568 0.9937050566279686 4.7253689263840085e-05
0.01024189517140841 0.9897097673319839 4.8337496607607875e-05
0.308926346601223 0.6909771863151867 9.646708359031835e-05
0.4168095434149641 0.5830639892490174 0.00012646733601840606
0.870446173589673 0.12940681887389607 0.00014700753643095589
0.5893929082569705 0.4104537016890407 0.00015339005398868708
0.9720435605463528 0.027768434169291107 0.0001880052843561097
0.8851569897127249 0.1145842501808945 0.00025876010638051374
0.9994818898053538 0.00043970659045897 7.840360418711881e-05
0.9992542534179556 0.0006661662069420328 7.958037510252671e-05
0.9550437971700071 0.04477371215277213 0.00018249067722073722
0.8426085722052421 0.15725227091814956 0.00013915687660834083
0.7641286250968403 0.23567816169529665 0.0001932132078630431
0.7781825519172393 0.22168383888335483 0.0001336091994058992
0.02420344829676224 0.9757784662955371 1.808540770064183e-05
0.0022576762862821565 0.9977322822799095 1.0041433808334479e-05
0.0011601254743366912 0.9988320731481467 7.801377516505297e-06
0.0008287272926510698 0.9991602647649944 1.1007942354624158e-05
3.215548798180856e-05 0.9999585963555846 9.248156433546049e-06
2.5860581735568953e-05 0.9999646124950713 9.526923193164662e-06
2.5910220086151524e-05 0.9999643669734735 9.72280644027305e-06
0.00032372138968886577 0.9995479747425741 0.000128303867736981
2.0128442131785926e-05 0.999971124079742 8.74747812624773e-06
7.777150596751651e-05 0.9998877608133458 3.446768068663311e-05
4.5565920854509394e-05 0.9999314867511717 2.2947327973795165e-05
7.810133628947319e-05 0.9998264948863623 9.540377734821062e-05
2.5840580395753447e-05 0.9998482045937285 0.00012595482587583114
0.00013308394125289034 0.9977692766634747 0.002097639395272398
3.1961110102296307e-05 0.9951155815549849 0.004852457334912871
0.00013801997515812552 0.973224055755874 0.02663792426896776
0.00020984990466192923 0.9149655562049016 0.08482459389043653
3.2896461557436536e-05 0.9758089128586631 0.024158190679779395
2.7832269608359445e-05 0.9461622345365707 0.053809933193820915
0.0005693283616932807 0.2004579572723979 0.7989727143659088
0.00021561826414378288 0.4712603699699561 0.5285240117659
9.850248830866955e-05 0.7780509981118234 0.22185049939986792
0.0001498595727728862 0.2820760031416134 0.7177741372856137
0.0001938535863898544 0.011414873748895743 0.9883912726647143
0.00019796150638698199 0.00022278396114797238 0.999579254532465
0.0002926605536961526 0.00017566579858644278 0.9995316736477173
0.0004154905924515379 4.986557511304835e-06 0.9995795228500371
0.00018499095453534094 0.00726516520907289 0.9925498438363918
0.00010896011394672354 0.3957663387595954 0.6041247011264578
0.00017667361664550668 0.16078850389215868 0.8390348224911959
0.00032086189435406246 0.1655025994714254 0.8341765386342206
0.00010134329269930282 0.6621647661765684 0.3377338905307324
0.00011585355087770042 0.8033095943225672 0.19657455212655522
0.00014434354876934806 0.8190270000937719 0.18082865635745873
0.00010906307438026621 0.6933676021230172 0.3065233348026027
2.6871959901992562e-05 0.926494439731281 0.07347868830881692
3.779617987267897e-05 0.8358173208657321 0.16414488295439525
4.217409310044371e-06 0.998940941939862 0.0010548406508280193
4.309659042234183e-06 0.9989235245604442 0.0010721657805135897
3.880592331794035e-06 0.9992998924668864 0.0006962269407817423
3.6282136142199587e-06 0.9997109471423475 0.00028542464403811873
6.354811238973754e-06 0.9997033888823721 0.0002902563063889093
3.5797439700959585e-06 0.9999533448737334 4.3075382296364924e-05
1.2451084612614317e-05 0.9998894902429147 9.805867247257341e-05
